eps                                                         0.05                       0.10
metric             design                                                                  
HES_uniform_J50    syn0.1                   0.019 [-0.010,0.041]      -0.009 [-0.057,0.028]
                   syn0.2                   0.015 [-0.016,0.149]       0.030 [-0.011,0.063]
                   syn0.3                    0.061 [0.018,0.129]       0.034 [-0.029,0.125]
                   syn0.4                    0.064 [0.014,0.174]       0.057 [-0.004,0.116]
                   syn0.5                    0.145 [0.068,0.221]        0.082 [0.016,0.193]
                   syn0.6                    0.189 [0.098,0.234]        0.115 [0.026,0.204]
                   syn0.7                    0.274 [0.212,0.319]        0.215 [0.112,0.268]
                   syn0.8                    0.323 [0.245,0.396]        0.230 [0.149,0.292]
                   syn0.9                    0.453 [0.393,0.481]        0.254 [0.193,0.304]
HES_uniform_J80    syn0.1                                             -0.031 [-0.144,0.175]
                   syn0.2                                              0.000 [-0.140,0.118]
                   syn0.3                                              0.088 [-0.052,0.271]
                   syn0.4                                              0.101 [-0.027,0.294]
                   syn0.5                                             -0.069 [-0.336,0.202]
                   syn0.6                                              0.039 [-0.063,0.248]
                   syn0.7                                               0.213 [0.022,0.436]
                   syn0.8                                               0.433 [0.142,0.581]
                   syn0.9                                               0.502 [0.337,0.639]
J50                active_cvl:syn0.1   105.836 [101.576,111.693]     81.575 [71.374,88.131]
                   active_cvl:syn0.2    103.458 [93.708,113.025]     78.541 [70.729,84.440]
                   active_cvl:syn0.3    103.172 [92.043,110.856]     78.329 [69.566,81.931]
                   active_cvl:syn0.4    105.257 [94.953,112.763]     75.988 [72.078,80.348]
                   active_cvl:syn0.5      89.840 [83.186,98.203]     73.731 [63.744,75.532]
                   active_cvl:syn0.6      90.010 [82.969,97.035]     70.638 [67.733,72.474]
                   active_cvl:syn0.7      75.493 [69.923,80.582]     62.007 [59.593,67.270]
                   active_cvl:syn0.8      73.026 [68.716,78.274]     62.925 [59.878,64.585]
                   active_cvl:syn0.9      59.830 [59.579,60.282]     59.830 [59.492,60.110]
                   sel_accuracy           62.100 [59.759,64.090]     59.927 [59.592,60.290]
                   sel_pilotcost          59.927 [59.727,61.055]     59.927 [59.592,60.290]
                   sel_rho                59.927 [59.727,61.055]     59.927 [59.592,60.290]
                   uniform              109.472 [98.950,115.296]     80.375 [74.168,85.748]
                   uniform_cvl:syn0.1   107.346 [98.245,114.726]     81.127 [71.243,86.790]
                   uniform_cvl:syn0.2   107.837 [92.328,113.573]     77.980 [73.332,82.440]
                   uniform_cvl:syn0.3   102.751 [93.877,109.561]     77.644 [69.938,81.684]
                   uniform_cvl:syn0.4   102.470 [93.644,111.004]     75.824 [72.374,83.339]
                   uniform_cvl:syn0.5     93.552 [85.183,99.579]     73.824 [65.185,78.215]
                   uniform_cvl:syn0.6     88.734 [82.196,99.991]     71.117 [65.159,73.215]
                   uniform_cvl:syn0.7     79.461 [73.674,84.014]     63.072 [60.353,68.173]
                   uniform_cvl:syn0.8     74.145 [65.670,78.689]     61.917 [59.661,64.601]
                   uniform_cvl:syn0.9     59.927 [59.727,61.055]     59.927 [59.592,60.290]
J80                active_cvl:syn0.1                              193.311 [152.174,256.326]
                   active_cvl:syn0.2                              225.247 [135.177,258.023]
                   active_cvl:syn0.3                              215.204 [124.849,256.674]
                   active_cvl:syn0.4                              220.200 [126.631,257.020]
                   active_cvl:syn0.5                              212.377 [123.902,252.227]
                   active_cvl:syn0.6                              207.553 [114.513,229.592]
                   active_cvl:syn0.7                               120.803 [94.815,222.881]
                   active_cvl:syn0.8                               104.231 [98.636,207.130]
                   active_cvl:syn0.9                                91.546 [70.512,114.054]
                   sel_accuracy                                     95.437 [77.666,179.555]
                   sel_pilotcost                                    91.781 [69.394,153.622]
                   sel_rho                                          91.781 [69.394,153.622]
                   uniform                                        184.136 [143.334,258.526]
                   uniform_cvl:syn0.1                             189.935 [142.331,256.506]
                   uniform_cvl:syn0.2                             184.136 [141.790,256.489]
                   uniform_cvl:syn0.3                             167.931 [143.363,252.380]
                   uniform_cvl:syn0.4                             165.628 [136.474,255.257]
                   uniform_cvl:syn0.5                             196.894 [124.515,260.292]
                   uniform_cvl:syn0.6                             176.886 [120.465,229.916]
                   uniform_cvl:syn0.7                              144.903 [99.040,214.351]
                   uniform_cvl:syn0.8                              104.439 [94.751,196.978]
                   uniform_cvl:syn0.9                               91.781 [69.394,153.622]
best_human         uniform                                                                 
inflation_J50      syn0.1                    0.000 [0.000,0.000]        0.000 [0.000,0.000]
                   syn0.2                    0.000 [0.000,0.000]        0.000 [0.000,0.000]
                   syn0.3                    0.000 [0.000,0.000]        0.000 [0.000,0.000]
                   syn0.4                    0.000 [0.000,0.000]        0.000 [0.000,0.000]
                   syn0.5                    0.000 [0.000,0.000]        0.000 [0.000,0.000]
                   syn0.6                    0.000 [0.000,0.000]        0.000 [0.000,0.000]
                   syn0.7                    0.000 [0.000,0.000]        0.000 [0.000,0.000]
                   syn0.8                    0.000 [0.000,0.000]        0.000 [0.000,0.000]
                   syn0.9                    0.000 [0.000,0.000]        0.000 [0.000,0.000]
inflation_J80      syn0.1                                               0.000 [0.000,0.000]
                   syn0.2                                               0.000 [0.000,0.000]
                   syn0.3                                               0.000 [0.000,0.000]
                   syn0.4                                               0.000 [0.000,0.000]
                   syn0.5                                               0.000 [0.000,0.000]
                   syn0.6                                               0.000 [0.000,0.000]
                   syn0.7                                               0.000 [0.000,0.000]
                   syn0.8                                               0.000 [0.000,0.000]
                   syn0.9                                               0.000 [0.000,0.000]
max_wrong          ALL                                     0.043                      0.000
pred_corr_logratio ALL                                     0.995                      0.944
 eps           selector  regret    lo    hi             oracle                                                                                picks
0.05            uniform   0.453 0.393 0.481 uniform_cvl:syn0.9                                                                                     
0.05 uniform_cvl:syn0.1   0.433 0.384 0.480 uniform_cvl:syn0.9                                                                                     
0.05 uniform_cvl:syn0.2   0.438 0.304 0.469 uniform_cvl:syn0.9                                                                                     
0.05 uniform_cvl:syn0.3   0.391 0.321 0.432 uniform_cvl:syn0.9                                                                                     
0.05 uniform_cvl:syn0.4   0.389 0.298 0.452 uniform_cvl:syn0.9                                                                                     
0.05 uniform_cvl:syn0.5   0.307 0.233 0.358 uniform_cvl:syn0.9                                                                                     
0.05 uniform_cvl:syn0.6   0.263 0.213 0.348 uniform_cvl:syn0.9                                                                                     
0.05 uniform_cvl:syn0.7   0.178 0.131 0.207 uniform_cvl:syn0.9                                                                                     
0.05 uniform_cvl:syn0.8   0.130 0.053 0.173 uniform_cvl:syn0.9                                                                                     
0.05 uniform_cvl:syn0.9   0.000 0.000 0.000 uniform_cvl:syn0.9                                                                                     
0.05       sel_accuracy   0.020 0.000 0.038 uniform_cvl:syn0.9 {'uniform_cvl:syn0.9': 0.75, 'uniform_cvl:syn0.8': 0.22, 'uniform_cvl:syn0.7': 0.03}
0.05            sel_rho   0.000 0.000 0.000 uniform_cvl:syn0.9                                                          {'uniform_cvl:syn0.9': 1.0}
0.05      sel_pilotcost   0.000 0.000 0.000 uniform_cvl:syn0.9                                                          {'uniform_cvl:syn0.9': 1.0}
0.10            uniform   0.254 0.193 0.304 uniform_cvl:syn0.9                                                                                     
0.10 uniform_cvl:syn0.1   0.264 0.148 0.318 uniform_cvl:syn0.9                                                                                     
0.10 uniform_cvl:syn0.2   0.225 0.174 0.270 uniform_cvl:syn0.9                                                                                     
0.10 uniform_cvl:syn0.3   0.220 0.126 0.257 uniform_cvl:syn0.9                                                                                     
0.10 uniform_cvl:syn0.4   0.198 0.160 0.280 uniform_cvl:syn0.9                                                                                     
0.10 uniform_cvl:syn0.5   0.173 0.065 0.219 uniform_cvl:syn0.9                                                                                     
0.10 uniform_cvl:syn0.6   0.139 0.068 0.176 uniform_cvl:syn0.9                                                                                     
0.10 uniform_cvl:syn0.7   0.039 0.008 0.105 uniform_cvl:syn0.9                                                                                     
0.10 uniform_cvl:syn0.8   0.025 0.000 0.056 uniform_cvl:syn0.9                                                                                     
0.10 uniform_cvl:syn0.9   0.000 0.000 0.000 uniform_cvl:syn0.9                                                                                     
0.10       sel_accuracy   0.000 0.000 0.000 uniform_cvl:syn0.9 {'uniform_cvl:syn0.9': 0.75, 'uniform_cvl:syn0.8': 0.22, 'uniform_cvl:syn0.7': 0.03}
0.10            sel_rho   0.000 0.000 0.000 uniform_cvl:syn0.9                                                          {'uniform_cvl:syn0.9': 1.0}
0.10      sel_pilotcost   0.000 0.000 0.000 uniform_cvl:syn0.9                                                          {'uniform_cvl:syn0.9': 1.0}
