eps                                                         0.05                       0.10
metric             design                                                                  
HES_uniform_J50    syn0.1                   0.008 [-0.075,0.060]      -0.013 [-0.046,0.017]
                   syn0.2                   0.038 [-0.033,0.076]      -0.005 [-0.056,0.032]
                   syn0.3                   0.060 [-0.020,0.204]        0.067 [0.016,0.170]
                   syn0.4                    0.194 [0.083,0.266]        0.054 [0.010,0.251]
                   syn0.5                    0.199 [0.076,0.270]        0.180 [0.120,0.310]
                   syn0.6                    0.231 [0.104,0.304]        0.249 [0.185,0.352]
                   syn0.7                    0.273 [0.162,0.372]        0.277 [0.210,0.374]
                   syn0.8                    0.450 [0.297,0.506]        0.389 [0.361,0.444]
                   syn0.9                    0.582 [0.507,0.622]        0.504 [0.468,0.536]
HES_uniform_J80    syn0.1                   0.007 [-0.010,0.022]      -0.031 [-0.058,0.002]
                   syn0.2                  -0.004 [-0.022,0.015]       0.003 [-0.021,0.020]
                   syn0.3                    0.024 [0.000,0.050]       0.001 [-0.044,0.036]
                   syn0.4                    0.062 [0.022,0.109]        0.046 [0.017,0.101]
                   syn0.5                    0.116 [0.072,0.139]        0.106 [0.069,0.188]
                   syn0.6                    0.144 [0.093,0.183]        0.135 [0.098,0.208]
                   syn0.7                    0.156 [0.101,0.208]        0.201 [0.145,0.264]
                   syn0.8                    0.246 [0.223,0.309]        0.369 [0.332,0.445]
                   syn0.9                    0.493 [0.463,0.527]        0.553 [0.503,0.585]
J50                active_cvl:syn0.1   239.756 [183.770,248.466]  117.993 [109.279,128.953]
                   active_cvl:syn0.2   227.611 [198.689,242.214]  120.778 [114.227,129.973]
                   active_cvl:syn0.3   206.740 [181.619,235.041]  114.740 [104.201,125.316]
                   active_cvl:syn0.4   197.662 [176.279,233.233]  111.479 [101.055,122.244]
                   active_cvl:syn0.5   187.342 [172.728,208.375]    99.253 [91.428,105.216]
                   active_cvl:syn0.6   168.190 [160.778,175.074]     88.938 [79.869,96.220]
                   active_cvl:syn0.7   168.006 [161.361,179.328]     88.627 [78.159,95.982]
                   active_cvl:syn0.8   121.516 [117.441,133.754]     75.017 [66.265,76.817]
                   active_cvl:syn0.9      88.292 [79.161,96.287]     59.703 [59.322,60.769]
                   sel_accuracy         103.637 [92.153,110.411]     62.785 [59.741,66.488]
                   sel_pilotcost          92.663 [87.278,97.508]     59.680 [59.345,61.542]
                   sel_rho                92.663 [87.278,97.508]     59.680 [59.345,61.542]
                   uniform             221.621 [192.695,240.343]  120.395 [114.580,128.697]
                   uniform_cvl:syn0.1  219.855 [190.494,239.125]  121.982 [116.071,129.314]
                   uniform_cvl:syn0.2  213.283 [191.423,233.115]  120.951 [112.016,131.128]
                   uniform_cvl:syn0.3  208.309 [180.596,231.796]  112.314 [105.053,118.699]
                   uniform_cvl:syn0.4  178.608 [172.672,199.389]   113.866 [94.780,120.365]
                   uniform_cvl:syn0.5  177.629 [168.040,196.352]    98.668 [82.575,104.692]
                   uniform_cvl:syn0.6  170.442 [162.934,184.130]     90.476 [81.013,96.347]
                   uniform_cvl:syn0.7  161.209 [147.931,168.291]     87.095 [79.609,92.914]
                   uniform_cvl:syn0.8  121.982 [116.993,142.152]     73.560 [71.107,75.421]
                   uniform_cvl:syn0.9     92.663 [87.278,97.508]     59.680 [59.345,61.542]
J80                active_cvl:syn0.1   330.612 [319.909,345.052]  182.037 [176.047,192.930]
                   active_cvl:syn0.2   324.646 [304.529,338.133]  180.516 [175.180,186.721]
                   active_cvl:syn0.3   327.781 [305.525,340.224]  178.388 [168.893,196.133]
                   active_cvl:syn0.4   320.842 [305.642,331.461]  173.324 [165.619,178.303]
                   active_cvl:syn0.5   297.453 [282.987,313.386]  167.879 [156.338,173.706]
                   active_cvl:syn0.6   276.232 [265.434,286.645]  152.548 [144.465,160.018]
                   active_cvl:syn0.7   281.668 [271.502,297.761]  143.011 [136.666,154.198]
                   active_cvl:syn0.8   246.096 [224.472,256.341]  117.573 [111.645,123.294]
                   active_cvl:syn0.9   156.692 [140.372,166.531]     78.968 [76.849,83.241]
                   sel_accuracy        182.072 [172.807,204.210]     91.272 [84.819,95.051]
                   sel_pilotcost       165.083 [155.671,170.494]     81.274 [77.771,88.770]
                   sel_rho             165.083 [155.671,170.494]     81.274 [77.771,88.770]
                   uniform             325.316 [311.811,335.198]  181.784 [176.623,194.747]
                   uniform_cvl:syn0.1  322.886 [310.248,331.726]  187.407 [178.209,198.531]
                   uniform_cvl:syn0.2  326.662 [308.667,335.782]  181.194 [175.190,193.674]
                   uniform_cvl:syn0.3  317.439 [299.918,331.953]  181.551 [175.126,193.470]
                   uniform_cvl:syn0.4  305.162 [286.050,315.761]  173.504 [165.644,184.602]
                   uniform_cvl:syn0.5  287.643 [279.319,303.292]  162.449 [149.139,170.189]
                   uniform_cvl:syn0.6  278.627 [268.509,297.067]  157.285 [147.999,160.996]
                   uniform_cvl:syn0.7  274.602 [264.015,296.455]  145.200 [136.803,153.864]
                   uniform_cvl:syn0.8  245.306 [226.856,256.322]  114.716 [106.364,119.339]
                   uniform_cvl:syn0.9  165.083 [155.671,170.494]     81.274 [77.771,88.770]
best_human         uniform                                                                 
inflation_J50      syn0.1                    0.000 [0.000,0.000]        0.000 [0.000,0.000]
                   syn0.2                    0.000 [0.000,0.000]        0.000 [0.000,0.000]
                   syn0.3                    0.000 [0.000,0.000]        0.000 [0.000,0.000]
                   syn0.4                    0.000 [0.000,0.000]        0.000 [0.000,0.000]
                   syn0.5                    0.000 [0.000,0.000]        0.000 [0.000,0.000]
                   syn0.6                    0.000 [0.000,0.000]        0.000 [0.000,0.000]
                   syn0.7                    0.000 [0.000,0.000]        0.000 [0.000,0.000]
                   syn0.8                    0.000 [0.000,0.000]        0.000 [0.000,0.000]
                   syn0.9                    0.000 [0.000,0.000]        0.000 [0.000,0.000]
inflation_J80      syn0.1                    0.000 [0.000,0.000]        0.000 [0.000,0.000]
                   syn0.2                    0.000 [0.000,0.000]        0.000 [0.000,0.000]
                   syn0.3                    0.000 [0.000,0.000]        0.000 [0.000,0.000]
                   syn0.4                    0.000 [0.000,0.000]        0.000 [0.000,0.000]
                   syn0.5                    0.000 [0.000,0.000]        0.000 [0.000,0.000]
                   syn0.6                    0.000 [0.000,0.000]        0.000 [0.000,0.000]
                   syn0.7                    0.000 [0.000,0.000]        0.000 [0.000,0.000]
                   syn0.8                    0.000 [0.000,0.000]        0.000 [0.000,0.000]
                   syn0.9                    0.000 [0.000,0.000]        0.000 [0.000,0.000]
max_wrong          ALL                                     0.000                      0.000
pred_corr_logratio ALL                                     0.984                      0.992
 eps           selector  regret    lo    hi             oracle                                                                                                           picks
0.05            uniform   0.582 0.507 0.622 uniform_cvl:syn0.9                                                                                                                
0.05 uniform_cvl:syn0.1   0.574 0.492 0.638 uniform_cvl:syn0.9                                                                                                                
0.05 uniform_cvl:syn0.2   0.544 0.505 0.596 uniform_cvl:syn0.9                                                                                                                
0.05 uniform_cvl:syn0.3   0.522 0.381 0.603 uniform_cvl:syn0.9                                                                                                                
0.05 uniform_cvl:syn0.4   0.388 0.340 0.462 uniform_cvl:syn0.9                                                                                                                
0.05 uniform_cvl:syn0.5   0.383 0.323 0.489 uniform_cvl:syn0.9                                                                                                                
0.05 uniform_cvl:syn0.6   0.351 0.299 0.414 uniform_cvl:syn0.9                                                                                                                
0.05 uniform_cvl:syn0.7   0.309 0.222 0.385 uniform_cvl:syn0.9                                                                                                                
0.05 uniform_cvl:syn0.8   0.132 0.091 0.236 uniform_cvl:syn0.9                                                                                                                
0.05 uniform_cvl:syn0.9   0.000 0.000 0.000 uniform_cvl:syn0.9                                                                                                                
0.05       sel_accuracy   0.050 0.016 0.094 uniform_cvl:syn0.9 {'uniform_cvl:syn0.9': 0.69, 'uniform_cvl:syn0.8': 0.28, 'uniform_cvl:syn0.7': 0.03, 'uniform_cvl:syn0.5': 0.0}
0.05            sel_rho   0.000 0.000 0.000 uniform_cvl:syn0.9                                                                                     {'uniform_cvl:syn0.9': 1.0}
0.05      sel_pilotcost   0.000 0.000 0.000 uniform_cvl:syn0.9                                                                                     {'uniform_cvl:syn0.9': 1.0}
0.10            uniform   0.504 0.468 0.536 uniform_cvl:syn0.9                                                                                                                
0.10 uniform_cvl:syn0.1   0.517 0.486 0.551 uniform_cvl:syn0.9                                                                                                                
0.10 uniform_cvl:syn0.2   0.509 0.453 0.554 uniform_cvl:syn0.9                                                                                                                
0.10 uniform_cvl:syn0.3   0.437 0.363 0.480 uniform_cvl:syn0.9                                                                                                                
0.10 uniform_cvl:syn0.4   0.450 0.279 0.486 uniform_cvl:syn0.9                                                                                                                
0.10 uniform_cvl:syn0.5   0.324 0.194 0.364 uniform_cvl:syn0.9                                                                                                                
0.10 uniform_cvl:syn0.6   0.256 0.177 0.304 uniform_cvl:syn0.9                                                                                                                
0.10 uniform_cvl:syn0.7   0.228 0.158 0.279 uniform_cvl:syn0.9                                                                                                                
0.10 uniform_cvl:syn0.8   0.115 0.084 0.128 uniform_cvl:syn0.9                                                                                                                
0.10 uniform_cvl:syn0.9   0.000 0.000 0.000 uniform_cvl:syn0.9                                                                                                                
0.10       sel_accuracy   0.026 0.003 0.058 uniform_cvl:syn0.9 {'uniform_cvl:syn0.9': 0.69, 'uniform_cvl:syn0.8': 0.28, 'uniform_cvl:syn0.7': 0.03, 'uniform_cvl:syn0.5': 0.0}
0.10            sel_rho   0.000 0.000 0.000 uniform_cvl:syn0.9                                                                                     {'uniform_cvl:syn0.9': 1.0}
0.10      sel_pilotcost   0.000 0.000 0.000 uniform_cvl:syn0.9                                                                                     {'uniform_cvl:syn0.9': 1.0}
