eps                                                         0.05                       0.10
metric             design                                                                  
HES_uniform_J50    syn0.1                   0.003 [-0.040,0.036]       0.000 [-0.015,0.043]
                   syn0.2                  -0.023 [-0.053,0.012]      -0.007 [-0.045,0.004]
                   syn0.3                   0.012 [-0.041,0.090]       0.021 [-0.001,0.138]
                   syn0.4                   0.028 [-0.011,0.155]        0.032 [0.005,0.077]
                   syn0.5                    0.048 [0.014,0.169]        0.083 [0.036,0.154]
                   syn0.6                    0.088 [0.051,0.260]        0.078 [0.048,0.227]
                   syn0.7                    0.170 [0.104,0.291]        0.185 [0.142,0.255]
                   syn0.8                    0.243 [0.193,0.354]        0.196 [0.153,0.291]
                   syn0.9                    0.413 [0.391,0.516]        0.310 [0.278,0.358]
HES_uniform_J80    syn0.1                                             -0.087 [-0.317,0.039]
                   syn0.2                                             -0.039 [-0.268,0.012]
                   syn0.3                                              0.026 [-0.076,0.152]
                   syn0.4                                               0.180 [0.013,0.298]
                   syn0.5                                              0.180 [-0.148,0.309]
                   syn0.6                                               0.190 [0.021,0.266]
                   syn0.7                                               0.321 [0.050,0.400]
                   syn0.8                                               0.277 [0.133,0.409]
                   syn0.9                                               0.467 [0.355,0.622]
J50                active_cvl:syn0.1   117.073 [111.511,143.818]     85.895 [78.813,92.602]
                   active_cvl:syn0.2   137.463 [114.573,147.612]     84.357 [81.254,87.163]
                   active_cvl:syn0.3   116.963 [111.476,131.958]     83.903 [78.679,88.314]
                   active_cvl:syn0.4   115.796 [110.296,132.861]     83.146 [78.821,86.318]
                   active_cvl:syn0.5   111.213 [103.177,119.938]     80.677 [76.355,83.255]
                   active_cvl:syn0.6    105.827 [87.613,118.886]     80.231 [70.887,82.654]
                   active_cvl:syn0.7     99.397 [81.918,106.968]     71.336 [66.116,73.720]
                   active_cvl:syn0.8      85.433 [82.713,89.067]     65.969 [63.339,68.872]
                   active_cvl:syn0.9      68.066 [62.054,70.071]     59.750 [59.437,60.127]
                   sel_accuracy           70.040 [67.618,73.257]     59.771 [59.440,60.746]
                   sel_pilotcost          68.257 [63.172,70.812]     59.660 [59.389,59.976]
                   sel_rho                68.257 [63.172,70.812]     59.660 [59.389,59.976]
                   uniform             116.277 [111.811,141.985]     86.450 [82.719,93.286]
                   uniform_cvl:syn0.1  115.947 [112.344,142.199]     86.432 [82.673,89.402]
                   uniform_cvl:syn0.2  118.975 [113.152,143.605]     87.072 [84.263,93.989]
                   uniform_cvl:syn0.3  114.883 [110.151,129.917]     84.594 [80.261,87.664]
                   uniform_cvl:syn0.4  113.022 [107.785,130.873]     83.689 [78.786,85.463]
                   uniform_cvl:syn0.5  110.651 [104.373,120.677]     79.300 [75.399,82.679]
                   uniform_cvl:syn0.6   106.002 [87.842,113.868]     79.744 [70.371,81.489]
                   uniform_cvl:syn0.7    96.463 [88.222,104.229]     70.492 [66.943,73.847]
                   uniform_cvl:syn0.8     88.025 [84.857,99.172]     69.537 [61.953,72.401]
                   uniform_cvl:syn0.9     68.257 [63.172,70.812]     59.660 [59.389,59.976]
J80                active_cvl:syn0.1                              192.099 [160.844,237.832]
                   active_cvl:syn0.2                              198.284 [162.687,236.124]
                   active_cvl:syn0.3                              207.724 [161.923,241.204]
                   active_cvl:syn0.4                              166.297 [155.556,229.272]
                   active_cvl:syn0.5                              164.148 [144.968,258.918]
                   active_cvl:syn0.6                              157.404 [140.186,192.485]
                   active_cvl:syn0.7                              154.733 [131.363,217.231]
                   active_cvl:syn0.8                              154.496 [117.426,203.508]
                   active_cvl:syn0.9                                85.105 [77.264,116.943]
                   sel_accuracy                                    115.297 [78.875,140.406]
                   sel_pilotcost                                   108.017 [77.173,133.200]
                   sel_rho                                         108.017 [77.173,133.200]
                   uniform                                        202.500 [160.505,253.377]
                   uniform_cvl:syn0.1                             220.138 [163.611,264.189]
                   uniform_cvl:syn0.2                             210.339 [161.567,265.323]
                   uniform_cvl:syn0.3                             197.286 [159.967,225.545]
                   uniform_cvl:syn0.4                             166.000 [153.164,210.638]
                   uniform_cvl:syn0.5                             166.000 [150.693,255.693]
                   uniform_cvl:syn0.6                             164.104 [139.324,212.668]
                   uniform_cvl:syn0.7                             137.563 [126.875,189.714]
                   uniform_cvl:syn0.8                             146.313 [110.278,168.942]
                   uniform_cvl:syn0.9                              108.017 [77.173,133.200]
best_human         uniform                                                                 
inflation_J50      syn0.1                    0.000 [0.000,0.000]        0.000 [0.000,0.000]
                   syn0.2                    0.000 [0.000,0.000]        0.000 [0.000,0.000]
                   syn0.3                    0.000 [0.000,0.000]        0.000 [0.000,0.000]
                   syn0.4                    0.000 [0.000,0.000]        0.000 [0.000,0.000]
                   syn0.5                    0.000 [0.000,0.000]        0.000 [0.000,0.000]
                   syn0.6                    0.000 [0.000,0.000]        0.000 [0.000,0.000]
                   syn0.7                    0.000 [0.000,0.000]        0.000 [0.000,0.000]
                   syn0.8                    0.000 [0.000,0.000]        0.000 [0.000,0.000]
                   syn0.9                    0.000 [0.000,0.000]        0.000 [0.000,0.000]
inflation_J80      syn0.1                                               0.000 [0.000,0.000]
                   syn0.2                                               0.000 [0.000,0.000]
                   syn0.3                                               0.000 [0.000,0.000]
                   syn0.4                                               0.000 [0.000,0.000]
                   syn0.5                                               0.000 [0.000,0.000]
                   syn0.6                                               0.000 [0.000,0.000]
                   syn0.7                                               0.000 [0.000,0.000]
                   syn0.8                                               0.000 [0.000,0.000]
                   syn0.9                                               0.000 [0.000,0.000]
max_wrong          ALL                                     0.047                      0.000
pred_corr_logratio ALL                                     0.980                      0.986
 eps           selector  regret    lo    hi             oracle                                                                                                           picks
0.05            uniform   0.413 0.391 0.516 uniform_cvl:syn0.9                                                                                                                
0.05 uniform_cvl:syn0.1   0.410 0.388 0.520 uniform_cvl:syn0.9                                                                                                                
0.05 uniform_cvl:syn0.2   0.436 0.400 0.516 uniform_cvl:syn0.9                                                                                                                
0.05 uniform_cvl:syn0.3   0.401 0.359 0.489 uniform_cvl:syn0.9                                                                                                                
0.05 uniform_cvl:syn0.4   0.385 0.334 0.457 uniform_cvl:syn0.9                                                                                                                
0.05 uniform_cvl:syn0.5   0.365 0.318 0.408 uniform_cvl:syn0.9                                                                                                                
0.05 uniform_cvl:syn0.6   0.325 0.171 0.367 uniform_cvl:syn0.9                                                                                                                
0.05 uniform_cvl:syn0.7   0.243 0.160 0.300 uniform_cvl:syn0.9                                                                                                                
0.05 uniform_cvl:syn0.8   0.170 0.125 0.227 uniform_cvl:syn0.9                                                                                                                
0.05 uniform_cvl:syn0.9   0.000 0.000 0.000 uniform_cvl:syn0.9                                                                                                                
0.05       sel_accuracy   0.015 0.006 0.041 uniform_cvl:syn0.9 {'uniform_cvl:syn0.9': 0.8, 'uniform_cvl:syn0.8': 0.18, 'uniform_cvl:syn0.7': 0.01, 'uniform_cvl:syn0.6': 0.01}
0.05            sel_rho   0.000 0.000 0.000 uniform_cvl:syn0.9                                                                                     {'uniform_cvl:syn0.9': 1.0}
0.05      sel_pilotcost   0.000 0.000 0.000 uniform_cvl:syn0.9                                                                                     {'uniform_cvl:syn0.9': 1.0}
0.10            uniform   0.310 0.278 0.358 uniform_cvl:syn0.9                                                                                                                
0.10 uniform_cvl:syn0.1   0.310 0.276 0.333 uniform_cvl:syn0.9                                                                                                                
0.10 uniform_cvl:syn0.2   0.317 0.294 0.374 uniform_cvl:syn0.9                                                                                                                
0.10 uniform_cvl:syn0.3   0.288 0.237 0.314 uniform_cvl:syn0.9                                                                                                                
0.10 uniform_cvl:syn0.4   0.278 0.230 0.302 uniform_cvl:syn0.9                                                                                                                
0.10 uniform_cvl:syn0.5   0.227 0.174 0.269 uniform_cvl:syn0.9                                                                                                                
0.10 uniform_cvl:syn0.6   0.232 0.121 0.254 uniform_cvl:syn0.9                                                                                                                
0.10 uniform_cvl:syn0.7   0.125 0.085 0.165 uniform_cvl:syn0.9                                                                                                                
0.10 uniform_cvl:syn0.8   0.114 0.028 0.147 uniform_cvl:syn0.9                                                                                                                
0.10 uniform_cvl:syn0.9   0.000 0.000 0.000 uniform_cvl:syn0.9                                                                                                                
0.10       sel_accuracy   0.001 0.000 0.012 uniform_cvl:syn0.9 {'uniform_cvl:syn0.9': 0.8, 'uniform_cvl:syn0.8': 0.18, 'uniform_cvl:syn0.7': 0.01, 'uniform_cvl:syn0.6': 0.01}
0.10            sel_rho   0.000 0.000 0.000 uniform_cvl:syn0.9                                                                                     {'uniform_cvl:syn0.9': 1.0}
0.10      sel_pilotcost   0.000 0.000 0.000 uniform_cvl:syn0.9                                                                                     {'uniform_cvl:syn0.9': 1.0}
