eps                                                               0.005                         0.010                      0.020
metric              design                                                                                                      
HES_best_J50        chrf                           0.004 [-0.028,0.035]          0.024 [-0.055,0.080]      -0.021 [-0.106,0.036]
                    comet22                        0.018 [-0.016,0.065]          0.044 [-0.074,0.100]      -0.021 [-0.157,0.005]
                    inv_comet22                     0.000 [0.000,0.000]           0.000 [0.000,0.000]       0.000 [-0.000,0.000]
                    mistral_7b                   -0.052 [-0.104,-0.028]        -0.071 [-0.256,-0.023]     -0.031 [-0.160,-0.008]
                    qwen3_8b                     -0.043 [-0.089,-0.011]         -0.010 [-0.166,0.030]      -0.015 [-0.119,0.009]
HES_best_J80        chrf                                                         0.005 [-0.241,0.315]        0.062 [0.008,0.169]
                    comet22                                                      0.000 [-1.070,0.000]      -0.008 [-0.103,0.102]
                    inv_comet22                                                   0.000 [0.000,0.000]        0.000 [0.000,0.000]
                    mistral_7b                                                   0.010 [-0.127,0.284]      -0.084 [-0.205,0.013]
                    qwen3_8b                                                     0.000 [-1.772,0.000]     -0.091 [-0.219,-0.011]
HES_uniform_J50     chrf                           0.008 [-0.022,0.043]         -0.021 [-0.127,0.039]       0.010 [-0.201,0.156]
                    comet22                         0.050 [0.002,0.091]         -0.045 [-0.157,0.014]      -0.021 [-0.257,0.009]
                    inv_comet22                    0.000 [-0.002,0.000]        -0.019 [-0.060,-0.002]       0.000 [-0.189,0.000]
                    mistral_7b                   -0.065 [-0.117,-0.019]        -0.118 [-0.320,-0.041]     -0.021 [-0.271,-0.004]
                    qwen3_8b                     -0.038 [-0.075,-0.004]         -0.060 [-0.185,0.007]     -0.022 [-0.278,-0.004]
HES_uniform_J80     chrf                                                         0.000 [-0.007,0.000]       0.031 [-0.027,0.094]
                    comet22                                                      0.015 [-0.187,0.069]      -0.015 [-0.092,0.059]
                    inv_comet22                                                   0.000 [0.000,0.000]      -0.033 [-0.097,0.000]
                    mistral_7b                                                  -0.007 [-1.346,0.000]      -0.076 [-0.169,0.007]
                    qwen3_8b                                                     0.000 [-0.262,0.000]     -0.098 [-0.186,-0.013]
J50                 active_cvl:chrf           599.718 [548.610,651.572]     388.127 [355.447,447.492]  239.402 [208.553,250.272]
                    active_cvl:comet22        563.593 [479.256,630.989]     400.389 [361.245,430.205]  241.510 [222.424,250.316]
                    active_cvl:inv_comet22    555.256 [511.890,597.651]     370.032 [324.634,412.321]  233.691 [210.704,244.430]
                    active_cvl:mistral_7b     610.620 [569.268,663.041]     423.003 [385.240,451.300]  246.770 [236.933,255.795]
                    active_cvl:qwen3_8b       587.648 [542.061,647.982]     404.640 [367.677,441.464]  245.309 [228.664,255.313]
                    dedup                     612.645 [567.962,672.046]     400.694 [350.397,430.588]  246.642 [203.649,254.382]
                    sel_accuracy              575.420 [516.774,614.852]     369.482 [322.214,416.949]  243.379 [229.746,253.695]
                    sel_pilotcost             587.719 [547.526,621.072]     392.733 [358.915,430.443]  241.057 [221.616,250.027]
                    sel_rho                   593.797 [544.417,641.710]     379.099 [344.028,434.668]  244.371 [229.775,253.046]
                    uniform                   721.337 [661.169,789.673]     462.671 [410.075,521.115]  261.377 [212.806,271.294]
                    uniform_cvl:chrf          715.213 [651.390,771.542]     472.418 [408.436,540.941]  258.844 [214.742,271.748]
                    uniform_cvl:comet22       684.941 [638.215,754.273]     483.562 [440.350,531.577]  266.954 [239.073,284.267]
                    uniform_cvl:inv_comet22   721.337 [661.916,789.673]     471.589 [418.515,522.711]  261.377 [214.189,271.294]
                    uniform_cvl:mistral_7b    768.218 [699.844,820.978]     517.278 [450.932,571.258]  266.954 [252.295,284.885]
                    uniform_cvl:qwen3_8b      748.495 [676.730,809.152]     490.654 [416.453,557.850]  267.073 [251.347,276.905]
                    weighted                  585.098 [548.945,618.898]     389.268 [319.066,418.581]  237.851 [208.257,247.337]
                    weighted_cvl:chrf         582.836 [542.341,622.400]     379.869 [332.389,419.211]  242.924 [209.163,250.282]
                    weighted_cvl:comet22      574.614 [516.772,614.115]     371.955 [340.745,417.874]  242.784 [229.149,252.086]
                    weighted_cvl:inv_comet22  585.098 [548.945,618.898]     389.268 [319.066,418.581]  237.851 [208.354,247.337]
                    weighted_cvl:mistral_7b   615.772 [576.735,671.634]     416.884 [372.157,446.856]  245.222 [228.537,254.792]
                    weighted_cvl:qwen3_8b     610.336 [569.331,659.487]     393.290 [361.489,434.904]  241.399 [210.629,250.232]
J80                 active_cvl:chrf                                       3478.540 [853.998,3754.273]  510.768 [373.326,635.995]
                    active_cvl:comet22                                    3513.937 [845.588,3767.085]  466.051 [383.053,619.277]
                    active_cvl:inv_comet22                               3530.644 [1037.789,3778.765]  463.156 [383.510,614.976]
                    active_cvl:mistral_7b                                3536.465 [1161.578,3780.064]  506.262 [432.051,582.200]
                    active_cvl:qwen3_8b                                   3502.446 [850.924,3760.907]  501.529 [385.676,636.287]
                    dedup                                                 3487.765 [814.693,3753.797]  469.198 [379.545,627.168]
                    sel_accuracy                                          3530.258 [951.140,3787.039]  459.558 [397.206,588.098]
                    sel_pilotcost                                        3530.258 [1001.639,3787.039]  484.629 [408.336,594.691]
                    sel_rho                                              3530.258 [1001.639,3787.039]  483.318 [384.135,587.347]
                    uniform                                              4155.299 [1062.037,4575.310]  547.337 [463.617,685.304]
                    uniform_cvl:chrf                                     4155.299 [1122.009,4575.310]  530.599 [455.935,653.871]
                    uniform_cvl:comet22                                  4094.356 [1180.757,4529.219]  555.820 [455.236,672.880]
                    uniform_cvl:inv_comet22                              4155.299 [1062.037,4575.310]  565.608 [472.204,687.244]
                    uniform_cvl:mistral_7b                               4183.365 [1521.775,4591.093]  588.791 [509.281,698.699]
                    uniform_cvl:qwen3_8b                                 4155.299 [1297.091,4575.310]  600.954 [489.171,716.676]
                    weighted                                              3530.258 [850.318,3787.039]  467.643 [385.797,570.242]
                    weighted_cvl:chrf                                     3513.381 [850.132,3776.123]  438.768 [379.736,518.234]
                    weighted_cvl:comet22                                  3530.258 [951.140,3787.039]  471.253 [385.357,575.106]
                    weighted_cvl:inv_comet22                              3530.258 [850.318,3787.039]  467.643 [385.797,570.242]
                    weighted_cvl:mistral_7b                               3495.566 [829.306,3766.607]  507.051 [444.655,603.180]
                    weighted_cvl:qwen3_8b                                3530.258 [1055.277,3787.039]  510.313 [435.629,635.879]
best_human          weighted                                                                                                    
inflation_J50       chrf                           0.005 [-0.032,0.052]         -0.045 [-0.138,0.098]       0.031 [-0.163,0.160]
                    comet22                        0.033 [-0.032,0.080]         -0.090 [-0.191,0.045]      -0.001 [-0.222,0.095]
                    inv_comet22                    0.000 [-0.002,0.000]        -0.019 [-0.060,-0.002]       0.000 [-0.189,0.000]
                    mistral_7b                    -0.013 [-0.058,0.038]         -0.047 [-0.238,0.163]       0.010 [-0.239,0.068]
                    qwen3_8b                       0.005 [-0.036,0.060]         -0.050 [-0.175,0.095]      -0.007 [-0.241,0.034]
inflation_J80       chrf                                                        -0.005 [-0.315,0.241]      -0.031 [-0.160,0.034]
                    comet22                                                      0.015 [-0.057,0.978]      -0.008 [-0.110,0.086]
                    inv_comet22                                                   0.000 [0.000,0.000]      -0.033 [-0.097,0.000]
                    mistral_7b                                                  -0.017 [-1.565,0.000]       0.009 [-0.099,0.144]
                    qwen3_8b                                                     0.000 [-0.010,0.339]      -0.007 [-0.141,0.125]
max_wrong           ALL                                           0.013                         0.017                      0.000
pred_corr_logratio  ALL                                           0.941                         0.858                      0.858
save_vs_uniform_J50 dedup                           0.151 [0.109,0.197]           0.134 [0.057,0.216]       0.056 [-0.123,0.103]
                    weighted                        0.189 [0.143,0.241]           0.159 [0.093,0.293]       0.090 [-0.123,0.149]
save_vs_uniform_J80 dedup                                                        0.161 [-0.028,0.185]        0.143 [0.054,0.224]
                    weighted                                                      0.150 [0.008,0.291]        0.146 [0.037,0.249]
  eps                 selector  regret     lo    hi               oracle                                                                                                                                                                        picks
0.005                 weighted   0.018  0.000 0.065 weighted_cvl:comet22                                                                                                                                                                             
0.005        weighted_cvl:chrf   0.014  0.000 0.060 weighted_cvl:comet22                                                                                                                                                                             
0.005     weighted_cvl:comet22   0.000  0.000 0.025 weighted_cvl:comet22                                                                                                                                                                             
0.005 weighted_cvl:inv_comet22   0.018  0.000 0.065 weighted_cvl:comet22                                                                                                                                                                             
0.005  weighted_cvl:mistral_7b   0.070  0.040 0.139 weighted_cvl:comet22                                                                                                                                                                             
0.005    weighted_cvl:qwen3_8b   0.061  0.029 0.126 weighted_cvl:comet22                                                                                                                                                                             
0.005             sel_accuracy   0.001 -0.021 0.026 weighted_cvl:comet22                  {'weighted_cvl:comet22': 0.68, 'weighted_cvl:chrf': 0.17, 'weighted_cvl:qwen3_8b': 0.13, 'weighted_cvl:inv_comet22': 0.01, 'weighted_cvl:mistral_7b': 0.01}
0.005                  sel_rho   0.033  0.012 0.078 weighted_cvl:comet22                                                    {'weighted_cvl:comet22': 0.68, 'weighted_cvl:qwen3_8b': 0.16, 'weighted_cvl:chrf': 0.09, 'weighted_cvl:mistral_7b': 0.07}
0.005            sel_pilotcost   0.022  0.004 0.069 weighted_cvl:comet22   {'weighted_cvl:comet22': 0.43, 'weighted': 0.4, 'weighted_cvl:qwen3_8b': 0.1, 'weighted_cvl:mistral_7b': 0.04, 'weighted_cvl:chrf': 0.03, 'weighted_cvl:inv_comet22': 0.0}
0.010                 weighted   0.044  0.000 0.100 weighted_cvl:comet22                                                                                                                                                                             
0.010        weighted_cvl:chrf   0.020  0.000 0.078 weighted_cvl:comet22                                                                                                                                                                             
0.010     weighted_cvl:comet22   0.000  0.000 0.087 weighted_cvl:comet22                                                                                                                                                                             
0.010 weighted_cvl:inv_comet22   0.044  0.000 0.100 weighted_cvl:comet22                                                                                                                                                                             
0.010  weighted_cvl:mistral_7b   0.115  0.048 0.268 weighted_cvl:comet22                                                                                                                                                                             
0.010    weighted_cvl:qwen3_8b   0.055  0.001 0.183 weighted_cvl:comet22                                                                                                                                                                             
0.010             sel_accuracy  -0.006 -0.056 0.062 weighted_cvl:comet22                  {'weighted_cvl:comet22': 0.68, 'weighted_cvl:chrf': 0.17, 'weighted_cvl:qwen3_8b': 0.13, 'weighted_cvl:inv_comet22': 0.01, 'weighted_cvl:mistral_7b': 0.01}
0.010                  sel_rho   0.018 -0.001 0.116 weighted_cvl:comet22                                                    {'weighted_cvl:comet22': 0.68, 'weighted_cvl:qwen3_8b': 0.16, 'weighted_cvl:chrf': 0.09, 'weighted_cvl:mistral_7b': 0.07}
0.010            sel_pilotcost   0.053  0.010 0.195 weighted_cvl:comet22 {'weighted': 0.54, 'weighted_cvl:comet22': 0.32, 'weighted_cvl:qwen3_8b': 0.07, 'weighted_cvl:mistral_7b': 0.04, 'weighted_cvl:chrf': 0.02, 'weighted_cvl:inv_comet22': 0.0}
0.020                 weighted   0.000  0.000 0.041             weighted                                                                                                                                                                             
0.020        weighted_cvl:chrf   0.021  0.000 0.126             weighted                                                                                                                                                                             
0.020     weighted_cvl:comet22   0.021  0.000 0.157             weighted                                                                                                                                                                             
0.020 weighted_cvl:inv_comet22   0.000  0.000 0.041             weighted                                                                                                                                                                             
0.020  weighted_cvl:mistral_7b   0.031  0.009 0.163             weighted                                                                                                                                                                             
0.020    weighted_cvl:qwen3_8b   0.015  0.000 0.134             weighted                                                                                                                                                                             
0.020             sel_accuracy   0.023 -0.001 0.154             weighted                  {'weighted_cvl:comet22': 0.68, 'weighted_cvl:chrf': 0.17, 'weighted_cvl:qwen3_8b': 0.13, 'weighted_cvl:inv_comet22': 0.01, 'weighted_cvl:mistral_7b': 0.01}
0.020                  sel_rho   0.027  0.002 0.170             weighted                                                    {'weighted_cvl:comet22': 0.68, 'weighted_cvl:qwen3_8b': 0.16, 'weighted_cvl:chrf': 0.09, 'weighted_cvl:mistral_7b': 0.07}
0.020            sel_pilotcost   0.013  0.001 0.131             weighted                                  {'weighted': 0.76, 'weighted_cvl:comet22': 0.16, 'weighted_cvl:qwen3_8b': 0.05, 'weighted_cvl:mistral_7b': 0.02, 'weighted_cvl:chrf': 0.01}
