eps                                                                0.01                       0.02
metric              design                                                                        
HES_best_J50        chrf                         -0.052 [-0.923,-0.001]      -0.000 [-0.004,0.003]
                    comet22                       -0.053 [-0.895,0.196]      -0.000 [-0.004,0.003]
                    inv_comet22                   -0.038 [-0.896,0.009]      -0.000 [-0.004,0.003]
                    mistral_7b                   -0.086 [-0.953,-0.033]      -0.000 [-0.004,0.003]
                    qwen3_8b                     -0.049 [-0.938,-0.002]      -0.000 [-0.004,0.003]
HES_best_J80        chrf                          -0.056 [-0.136,0.028]      -0.122 [-0.284,0.005]
                    comet22                       -0.011 [-0.103,0.078]     -0.113 [-0.270,-0.006]
                    inv_comet22                   -0.019 [-0.113,0.068]     -0.171 [-0.310,-0.027]
                    mistral_7b                   -0.181 [-0.325,-0.080]     -0.308 [-0.531,-0.140]
                    qwen3_8b                      -0.075 [-0.196,0.019]     -0.192 [-0.337,-0.055]
HES_uniform_J50     chrf                           0.002 [-1.261,0.048]        0.000 [0.000,0.000]
                    comet22                        0.010 [-1.266,0.063]        0.000 [0.000,0.000]
                    inv_comet22                   -0.007 [-0.024,0.000]        0.000 [0.000,0.000]
                    mistral_7b                   -0.089 [-1.448,-0.003]        0.000 [0.000,0.000]
                    qwen3_8b                      -0.019 [-1.346,0.033]        0.000 [0.000,0.000]
HES_uniform_J80     chrf                          -0.009 [-0.030,0.011]      -0.001 [-0.020,0.019]
                    comet22                       -0.025 [-0.087,0.013]       0.007 [-0.021,0.040]
                    inv_comet22                   -0.004 [-0.013,0.003]      -0.005 [-0.018,0.000]
                    mistral_7b                   -0.310 [-0.571,-0.078]     -0.076 [-0.298,-0.035]
                    qwen3_8b                      -0.020 [-0.072,0.028]     -0.018 [-0.047,-0.002]
J50                 active_cvl:chrf           192.599 [110.129,205.062]  106.707 [105.966,107.550]
                    active_cvl:comet22        191.869 [139.216,204.876]  106.607 [105.935,107.419]
                    active_cvl:inv_comet22    190.808 [106.576,209.732]  106.440 [105.788,107.234]
                    active_cvl:mistral_7b     198.020 [175.349,229.386]  106.467 [105.767,107.298]
                    active_cvl:qwen3_8b       196.168 [113.269,212.718]  106.760 [105.999,107.519]
                    dedup                     188.880 [106.252,198.894]  106.440 [105.787,107.345]
                    sel_accuracy              201.090 [145.960,221.148]  106.487 [105.713,107.442]
                    sel_pilotcost             200.721 [136.152,215.428]  106.500 [105.735,107.380]
                    sel_rho                   207.617 [198.293,232.224]  106.487 [105.713,107.442]
                    uniform                   230.937 [105.996,251.113]  106.473 [105.792,107.124]
                    uniform_cvl:chrf          230.370 [136.219,246.188]  106.473 [105.792,107.124]
                    uniform_cvl:comet22       228.718 [163.930,243.417]  106.473 [105.792,107.124]
                    uniform_cvl:inv_comet22   232.553 [105.996,256.392]  106.473 [105.792,107.124]
                    uniform_cvl:mistral_7b    251.462 [206.791,283.318]  106.473 [105.792,107.124]
                    uniform_cvl:qwen3_8b      235.210 [204.966,256.737]  106.473 [105.792,107.124]
                    weighted                  196.117 [106.716,219.702]  106.487 [105.713,107.442]
                    weighted_cvl:chrf         198.662 [164.315,217.257]  106.487 [105.713,107.442]
                    weighted_cvl:comet22      198.839 [144.327,212.994]  106.487 [105.713,107.442]
                    weighted_cvl:inv_comet22  196.077 [175.247,219.108]  106.487 [105.713,107.442]
                    weighted_cvl:mistral_7b   205.109 [197.142,232.379]  106.487 [105.713,107.442]
                    weighted_cvl:qwen3_8b     198.201 [186.028,220.505]  106.487 [105.713,107.442]
J80                 active_cvl:chrf           460.620 [402.147,519.512]  192.841 [180.698,200.999]
                    active_cvl:comet22        445.862 [351.069,518.263]  171.139 [145.296,185.899]
                    active_cvl:inv_comet22    419.583 [349.934,469.978]  175.907 [160.346,197.701]
                    active_cvl:mistral_7b     496.410 [448.522,561.446]  205.477 [187.044,226.250]
                    active_cvl:qwen3_8b       433.172 [401.653,456.741]  194.617 [179.882,203.824]
                    dedup                     380.217 [348.716,406.229]  156.209 [141.557,178.497]
                    sel_accuracy              404.086 [353.199,434.870]  182.803 [156.255,193.800]
                    sel_pilotcost             405.750 [378.111,427.928]  178.172 [144.101,189.717]
                    sel_rho                   417.477 [367.056,443.833]  192.394 [175.116,202.965]
                    uniform                   442.065 [419.902,465.133]  197.845 [188.181,204.149]
                    uniform_cvl:chrf          446.033 [421.749,472.703]  197.965 [186.762,204.485]
                    uniform_cvl:comet22       453.315 [425.941,500.669]  196.401 [183.159,204.368]
                    uniform_cvl:inv_comet22   443.697 [421.090,469.350]  198.805 [188.933,205.348]
                    uniform_cvl:mistral_7b    579.235 [468.323,688.683]  212.936 [202.751,258.308]
                    uniform_cvl:qwen3_8b      450.707 [419.724,486.926]  201.343 [193.165,209.569]
                    weighted                  383.582 [344.564,415.772]  180.994 [163.107,190.780]
                    weighted_cvl:chrf         401.620 [356.955,432.886]  175.207 [161.202,186.646]
                    weighted_cvl:comet22      384.433 [347.460,419.065]  173.840 [158.691,189.637]
                    weighted_cvl:inv_comet22  387.348 [345.365,423.226]  182.871 [165.855,191.585]
                    weighted_cvl:mistral_7b   449.191 [413.966,483.976]  204.376 [180.194,222.205]
                    weighted_cvl:qwen3_8b     408.869 [352.257,444.583]  186.156 [171.497,194.604]
best_human          dedup                                                                         
inflation_J50       chrf                           0.054 [-1.120,0.850]       0.000 [-0.003,0.004]
                    comet22                        0.062 [-1.159,0.822]       0.000 [-0.003,0.004]
                    inv_comet22                    0.031 [-0.014,0.893]       0.000 [-0.003,0.004]
                    mistral_7b                    -0.003 [-1.270,0.844]       0.000 [-0.003,0.004]
                    qwen3_8b                       0.031 [-1.138,0.844]       0.000 [-0.003,0.004]
inflation_J80       chrf                           0.047 [-0.034,0.124]       0.121 [-0.013,0.280]
                    comet22                       -0.014 [-0.104,0.078]       0.120 [-0.004,0.280]
                    inv_comet22                    0.015 [-0.070,0.110]        0.166 [0.023,0.307]
                    mistral_7b                    -0.129 [-0.406,0.127]       0.232 [-0.048,0.420]
                    qwen3_8b                       0.056 [-0.045,0.169]        0.174 [0.030,0.327]
max_wrong           ALL                                           0.000                      0.000
pred_corr_logratio  ALL                                           0.902                     -0.476
save_vs_uniform_J50 dedup                          0.182 [-0.810,0.526]       0.000 [-0.004,0.005]
                    weighted                       0.151 [-0.996,0.391]      -0.000 [-0.005,0.005]
save_vs_uniform_J80 dedup                           0.140 [0.083,0.212]        0.210 [0.099,0.290]
                    weighted                        0.132 [0.066,0.212]        0.085 [0.038,0.168]
 eps                 selector  regret     lo    hi oracle                                                                                                                                                                      picks
0.01                    dedup   0.000  0.000 0.229  dedup                                                                                                                                                                           
0.01        weighted_cvl:chrf   0.052  0.006 0.923  dedup                                                                                                                                                                           
0.01     weighted_cvl:comet22   0.053  0.000 0.895  dedup                                                                                                                                                                           
0.01 weighted_cvl:inv_comet22   0.038  0.000 0.896  dedup                                                                                                                                                                           
0.01  weighted_cvl:mistral_7b   0.086  0.039 0.953  dedup                                                                                                                                                                           
0.01    weighted_cvl:qwen3_8b   0.049  0.010 0.938  dedup                                                                                                                                                                           
0.01             sel_accuracy   0.065  0.006 0.934  dedup                 {'weighted_cvl:chrf': 0.35, 'weighted_cvl:comet22': 0.28, 'weighted_cvl:qwen3_8b': 0.21, 'weighted_cvl:mistral_7b': 0.1, 'weighted_cvl:inv_comet22': 0.05}
0.01                  sel_rho   0.099  0.038 1.009  dedup                {'weighted_cvl:comet22': 0.44, 'weighted_cvl:qwen3_8b': 0.29, 'weighted_cvl:mistral_7b': 0.12, 'weighted_cvl:chrf': 0.11, 'weighted_cvl:inv_comet22': 0.03}
0.01            sel_pilotcost   0.063 -0.105 0.932  dedup {'dedup': 0.44, 'weighted_cvl:comet22': 0.23, 'weighted_cvl:qwen3_8b': 0.16, 'weighted_cvl:mistral_7b': 0.07, 'weighted_cvl:chrf': 0.07, 'weighted_cvl:inv_comet22': 0.03}
0.02                    dedup   0.000  0.000 0.003  dedup                                                                                                                                                                           
0.02        weighted_cvl:chrf   0.000  0.000 0.004  dedup                                                                                                                                                                           
0.02     weighted_cvl:comet22   0.000  0.000 0.004  dedup                                                                                                                                                                           
0.02 weighted_cvl:inv_comet22   0.000  0.000 0.004  dedup                                                                                                                                                                           
0.02  weighted_cvl:mistral_7b   0.000  0.000 0.004  dedup                                                                                                                                                                           
0.02    weighted_cvl:qwen3_8b   0.000  0.000 0.004  dedup                                                                                                                                                                           
0.02             sel_accuracy   0.000  0.000 0.004  dedup                 {'weighted_cvl:chrf': 0.35, 'weighted_cvl:comet22': 0.28, 'weighted_cvl:qwen3_8b': 0.21, 'weighted_cvl:mistral_7b': 0.1, 'weighted_cvl:inv_comet22': 0.05}
0.02                  sel_rho   0.000  0.000 0.004  dedup                {'weighted_cvl:comet22': 0.44, 'weighted_cvl:qwen3_8b': 0.29, 'weighted_cvl:mistral_7b': 0.12, 'weighted_cvl:chrf': 0.11, 'weighted_cvl:inv_comet22': 0.03}
0.02            sel_pilotcost   0.001 -0.001 0.003  dedup {'dedup': 0.77, 'weighted_cvl:comet22': 0.09, 'weighted_cvl:qwen3_8b': 0.07, 'weighted_cvl:mistral_7b': 0.03, 'weighted_cvl:chrf': 0.03, 'weighted_cvl:inv_comet22': 0.01}
