eps                                                                0.01                       0.02
metric              design                                                                        
HES_best_J50        chrf                          -0.002 [-0.011,0.001]      -0.002 [-0.006,0.002]
                    comet22                       -0.002 [-0.036,0.001]      -0.002 [-0.006,0.002]
                    inv_comet22                   -0.002 [-0.006,0.002]      -0.002 [-0.006,0.002]
                    mistral_7b                    -0.002 [-0.006,0.001]      -0.002 [-0.006,0.002]
                    qwen3_8b                      -0.002 [-0.007,0.001]      -0.002 [-0.006,0.002]
HES_best_J80        chrf                          -0.021 [-0.213,0.032]       0.021 [-0.079,0.094]
                    comet22                      -0.050 [-0.285,-0.000]       0.013 [-0.101,0.089]
                    inv_comet22                   -0.005 [-0.206,0.154]       0.021 [-0.086,0.082]
                    mistral_7b                    -0.030 [-0.376,0.046]       0.020 [-0.078,0.079]
                    qwen3_8b                     -0.120 [-0.390,-0.004]       0.001 [-0.236,0.065]
HES_uniform_J50     chrf                           0.000 [-0.020,0.000]        0.000 [0.000,0.000]
                    comet22                        0.000 [-0.003,0.000]        0.000 [0.000,0.000]
                    inv_comet22                     0.000 [0.000,0.000]        0.000 [0.000,0.000]
                    mistral_7b                      0.000 [0.000,0.000]        0.000 [0.000,0.000]
                    qwen3_8b                       0.000 [-0.034,0.000]        0.000 [0.000,0.000]
HES_uniform_J80     chrf                          -0.013 [-0.061,0.040]      -0.050 [-0.228,0.002]
                    comet22                       -0.049 [-0.141,0.005]      -0.015 [-0.121,0.026]
                    inv_comet22                     0.000 [0.000,0.000]      -0.000 [-0.024,0.000]
                    mistral_7b                    -0.047 [-0.160,0.008]      -0.008 [-0.143,0.001]
                    qwen3_8b                     -0.071 [-0.197,-0.004]      -0.012 [-0.131,0.010]
J50                 active_cvl:chrf           112.280 [111.615,114.988]  112.280 [111.563,113.221]
                    active_cvl:comet22        112.447 [111.674,118.543]  112.447 [111.757,113.240]
                    active_cvl:inv_comet22    112.340 [111.618,113.157]  112.340 [111.637,113.109]
                    active_cvl:mistral_7b     112.207 [111.637,113.543]  112.207 [111.490,113.174]
                    active_cvl:qwen3_8b       112.000 [111.376,117.751]  112.000 [111.245,112.576]
                    dedup                     112.127 [111.472,112.720]  112.127 [111.417,112.959]
                    sel_accuracy              112.373 [111.766,113.171]  112.373 [111.666,113.127]
                    sel_pilotcost             112.220 [111.573,116.494]  112.093 [111.334,112.923]
                    sel_rho                   112.373 [111.843,121.801]  112.373 [111.666,113.127]
                    uniform                   112.460 [111.863,113.050]  112.460 [111.768,113.147]
                    uniform_cvl:chrf          112.460 [111.863,114.584]  112.460 [111.768,113.147]
                    uniform_cvl:comet22       112.460 [111.863,113.397]  112.460 [111.768,113.147]
                    uniform_cvl:inv_comet22   112.460 [111.863,113.050]  112.460 [111.768,113.147]
                    uniform_cvl:mistral_7b    112.460 [111.863,113.050]  112.460 [111.768,113.147]
                    uniform_cvl:qwen3_8b      112.460 [111.863,116.455]  112.460 [111.768,113.147]
                    weighted                  112.373 [111.766,113.119]  112.373 [111.666,113.127]
                    weighted_cvl:chrf         112.373 [111.766,113.292]  112.373 [111.666,113.127]
                    weighted_cvl:comet22      112.373 [111.766,116.637]  112.373 [111.666,113.127]
                    weighted_cvl:inv_comet22  112.373 [111.766,113.119]  112.373 [111.666,113.127]
                    weighted_cvl:mistral_7b   112.373 [111.766,113.171]  112.373 [111.666,113.127]
                    weighted_cvl:qwen3_8b     112.373 [111.766,113.252]  112.373 [111.666,113.127]
J80                 active_cvl:chrf           313.859 [253.221,402.052]  146.235 [136.936,151.148]
                    active_cvl:comet22        291.629 [230.513,386.184]  145.219 [137.837,150.208]
                    active_cvl:inv_comet22    289.139 [229.868,366.056]  146.096 [134.482,154.213]
                    active_cvl:mistral_7b     280.653 [256.053,472.928]  150.867 [132.230,184.273]
                    active_cvl:qwen3_8b       307.836 [257.704,544.503]  149.937 [138.513,167.835]
                    dedup                     266.512 [221.750,326.496]  148.620 [134.967,160.322]
                    sel_accuracy              273.297 [252.264,366.579]  146.398 [135.736,158.585]
                    sel_pilotcost             276.375 [256.718,362.143]  151.014 [143.074,164.388]
                    sel_rho                   298.544 [257.625,381.202]  154.635 [136.570,173.718]
                    uniform                   302.213 [255.511,349.404]  149.989 [141.925,170.177]
                    uniform_cvl:chrf          306.027 [259.316,350.431]  157.505 [146.927,187.982]
                    uniform_cvl:comet22       317.004 [265.866,363.172]  152.227 [143.714,183.441]
                    uniform_cvl:inv_comet22   302.213 [255.511,349.404]  150.059 [142.080,177.207]
                    uniform_cvl:mistral_7b    316.427 [263.750,370.109]  151.176 [145.164,180.109]
                    uniform_cvl:qwen3_8b      323.608 [266.780,385.131]  151.731 [146.290,187.226]
                    weighted                  269.360 [249.279,346.943]  145.134 [133.562,153.332]
                    weighted_cvl:chrf         272.187 [250.725,362.772]  145.456 [134.272,152.158]
                    weighted_cvl:comet22      279.960 [255.833,371.972]  146.678 [135.662,159.513]
                    weighted_cvl:inv_comet22  267.957 [248.362,346.149]  145.456 [133.759,153.332]
                    weighted_cvl:mistral_7b   274.494 [255.843,379.264]  145.591 [134.613,156.650]
                    weighted_cvl:qwen3_8b     298.544 [256.390,381.676]  148.415 [135.706,178.234]
best_human          dedup                                                                         
inflation_J50       chrf                           0.002 [-0.018,0.007]       0.002 [-0.002,0.006]
                    comet22                        0.002 [-0.002,0.036]       0.002 [-0.002,0.006]
                    inv_comet22                    0.002 [-0.002,0.006]       0.002 [-0.002,0.006]
                    mistral_7b                     0.002 [-0.001,0.006]       0.002 [-0.002,0.006]
                    qwen3_8b                       0.002 [-0.026,0.007]       0.002 [-0.002,0.006]
inflation_J80       chrf                           0.009 [-0.046,0.214]      -0.071 [-0.246,0.051]
                    comet22                        0.002 [-0.107,0.260]      -0.028 [-0.136,0.148]
                    inv_comet22                    0.005 [-0.154,0.206]      -0.022 [-0.087,0.065]
                    mistral_7b                    -0.017 [-0.157,0.357]      -0.028 [-0.192,0.052]
                    qwen3_8b                       0.049 [-0.140,0.311]      -0.013 [-0.150,0.195]
max_wrong           ALL                                           0.000                      0.000
pred_corr_logratio  ALL                                           0.490                      0.478
save_vs_uniform_J50 dedup                          0.003 [-0.000,0.006]       0.003 [-0.000,0.007]
                    weighted                       0.001 [-0.004,0.004]       0.001 [-0.004,0.006]
save_vs_uniform_J80 dedup                           0.118 [0.030,0.203]       0.009 [-0.037,0.225]
                    weighted                       0.109 [-0.025,0.209]       0.032 [-0.008,0.119]
 eps                 selector  regret     lo    hi oracle                                                                                                                                                                     picks
0.01                    dedup   0.000  0.000 0.002  dedup                                                                                                                                                                          
0.01        weighted_cvl:chrf   0.002  0.000 0.011  dedup                                                                                                                                                                          
0.01     weighted_cvl:comet22   0.002  0.000 0.036  dedup                                                                                                                                                                          
0.01 weighted_cvl:inv_comet22   0.002  0.000 0.006  dedup                                                                                                                                                                          
0.01  weighted_cvl:mistral_7b   0.002  0.000 0.006  dedup                                                                                                                                                                          
0.01    weighted_cvl:qwen3_8b   0.002  0.000 0.007  dedup                                                                                                                                                                          
0.01             sel_accuracy   0.002  0.000 0.006  dedup               {'weighted_cvl:comet22': 0.65, 'weighted_cvl:chrf': 0.19, 'weighted_cvl:qwen3_8b': 0.12, 'weighted_cvl:mistral_7b': 0.02, 'weighted_cvl:inv_comet22': 0.02}
0.01                  sel_rho   0.002  0.000 0.089  dedup                 {'weighted_cvl:comet22': 0.6, 'weighted_cvl:qwen3_8b': 0.2, 'weighted_cvl:chrf': 0.13, 'weighted_cvl:mistral_7b': 0.06, 'weighted_cvl:inv_comet22': 0.01}
0.01            sel_pilotcost   0.001 -0.002 0.038  dedup {'dedup': 0.4, 'weighted_cvl:comet22': 0.37, 'weighted_cvl:qwen3_8b': 0.12, 'weighted_cvl:chrf': 0.08, 'weighted_cvl:mistral_7b': 0.03, 'weighted_cvl:inv_comet22': 0.01}
0.02                    dedup   0.000  0.000 0.002  dedup                                                                                                                                                                          
0.02        weighted_cvl:chrf   0.002  0.000 0.006  dedup                                                                                                                                                                          
0.02     weighted_cvl:comet22   0.002  0.000 0.006  dedup                                                                                                                                                                          
0.02 weighted_cvl:inv_comet22   0.002  0.000 0.006  dedup                                                                                                                                                                          
0.02  weighted_cvl:mistral_7b   0.002  0.000 0.006  dedup                                                                                                                                                                          
0.02    weighted_cvl:qwen3_8b   0.002  0.000 0.006  dedup                                                                                                                                                                          
0.02             sel_accuracy   0.002  0.000 0.006  dedup               {'weighted_cvl:comet22': 0.65, 'weighted_cvl:chrf': 0.19, 'weighted_cvl:qwen3_8b': 0.12, 'weighted_cvl:mistral_7b': 0.02, 'weighted_cvl:inv_comet22': 0.02}
0.02                  sel_rho   0.002  0.000 0.006  dedup                 {'weighted_cvl:comet22': 0.6, 'weighted_cvl:qwen3_8b': 0.2, 'weighted_cvl:chrf': 0.13, 'weighted_cvl:mistral_7b': 0.06, 'weighted_cvl:inv_comet22': 0.01}
0.02            sel_pilotcost  -0.000 -0.003 0.002  dedup                                   {'dedup': 0.68, 'weighted_cvl:comet22': 0.2, 'weighted_cvl:qwen3_8b': 0.06, 'weighted_cvl:chrf': 0.03, 'weighted_cvl:mistral_7b': 0.03}
