eps                                                                0.01                       0.02
metric              design                                                                        
HES_best_J50        chrf                          -0.004 [-0.025,0.001]      -0.004 [-0.008,0.000]
                    comet22                       -0.004 [-0.024,0.001]      -0.004 [-0.008,0.000]
                    inv_comet22                   -0.004 [-0.011,0.001]      -0.004 [-0.008,0.000]
                    mistral_7b                    -0.004 [-0.013,0.001]      -0.004 [-0.008,0.000]
                    qwen3_8b                      -0.004 [-0.014,0.001]      -0.004 [-0.008,0.000]
HES_best_J80        chrf                          -0.260 [-0.452,0.022]      -0.013 [-0.070,0.020]
                    comet22                       -0.231 [-0.451,0.017]      -0.027 [-0.089,0.017]
                    inv_comet22                   -0.204 [-0.431,0.032]      -0.013 [-0.063,0.025]
                    mistral_7b                   -0.310 [-0.584,-0.056]      -0.022 [-0.078,0.018]
                    qwen3_8b                      -0.294 [-0.488,0.036]      -0.028 [-0.089,0.013]
HES_uniform_J50     chrf                           0.000 [-0.018,0.000]        0.000 [0.000,0.000]
                    comet22                        0.000 [-0.033,0.000]        0.000 [0.000,0.000]
                    inv_comet22                     0.000 [0.000,0.000]        0.000 [0.000,0.000]
                    mistral_7b                     0.000 [-0.009,0.000]        0.000 [0.000,0.000]
                    qwen3_8b                       0.000 [-0.015,0.000]        0.000 [0.000,0.000]
HES_uniform_J80     chrf                          -0.021 [-0.081,0.037]      -0.002 [-0.027,0.021]
                    comet22                        0.044 [-0.050,0.209]      -0.008 [-0.047,0.016]
                    inv_comet22                     0.000 [0.000,0.000]        0.000 [0.000,0.000]
                    mistral_7b                    -0.041 [-0.204,0.017]     -0.018 [-0.055,-0.001]
                    qwen3_8b                      -0.033 [-0.143,0.008]      -0.013 [-0.042,0.003]
J50                 active_cvl:chrf           112.267 [111.530,114.523]  112.267 [111.427,112.979]
                    active_cvl:comet22        112.433 [111.804,114.654]  112.433 [111.715,113.085]
                    active_cvl:inv_comet22    112.293 [111.636,113.028]  112.293 [111.536,112.975]
                    active_cvl:mistral_7b     112.533 [111.837,113.400]  112.533 [111.752,113.274]
                    active_cvl:qwen3_8b       112.433 [111.842,113.135]  112.433 [111.663,113.186]
                    dedup                     112.120 [111.395,112.755]  112.120 [111.250,112.819]
                    sel_accuracy              112.527 [111.876,114.883]  112.527 [111.678,113.342]
                    sel_pilotcost             112.407 [111.692,115.678]  112.213 [111.326,112.948]
                    sel_rho                   112.773 [111.876,115.710]  112.527 [111.678,113.342]
                    uniform                   112.440 [111.765,113.143]  112.440 [111.764,113.183]
                    uniform_cvl:chrf          112.440 [111.765,114.899]  112.440 [111.764,113.183]
                    uniform_cvl:comet22       112.440 [111.765,116.095]  112.440 [111.764,113.183]
                    uniform_cvl:inv_comet22   112.440 [111.765,113.143]  112.440 [111.764,113.183]
                    uniform_cvl:mistral_7b    112.440 [111.765,113.817]  112.440 [111.764,113.183]
                    uniform_cvl:qwen3_8b      112.440 [111.765,114.705]  112.440 [111.764,113.183]
                    weighted                  112.527 [111.839,113.409]  112.527 [111.678,113.342]
                    weighted_cvl:chrf         112.527 [111.876,115.013]  112.527 [111.678,113.342]
                    weighted_cvl:comet22      112.527 [111.876,114.717]  112.527 [111.678,113.342]
                    weighted_cvl:inv_comet22  112.527 [111.839,113.409]  112.527 [111.678,113.342]
                    weighted_cvl:mistral_7b   112.527 [111.839,113.813]  112.527 [111.678,113.342]
                    weighted_cvl:qwen3_8b     112.527 [111.839,113.751]  112.527 [111.678,113.342]
J80                 active_cvl:chrf           337.157 [217.026,405.476]  147.095 [143.544,156.133]
                    active_cvl:comet22        323.942 [219.886,387.195]  153.120 [142.941,169.738]
                    active_cvl:inv_comet22    327.408 [216.739,405.022]  146.621 [119.223,154.109]
                    active_cvl:mistral_7b     340.734 [257.291,754.368]  145.559 [129.963,161.412]
                    active_cvl:qwen3_8b       321.290 [259.134,371.417]  153.167 [119.536,168.579]
                    dedup                     250.203 [205.403,356.339]  143.200 [132.062,148.496]
                    sel_accuracy              315.887 [214.742,357.180]  147.762 [139.696,154.997]
                    sel_pilotcost             313.441 [211.062,355.947]  145.667 [139.658,150.862]
                    sel_rho                   321.790 [211.923,400.700]  147.811 [139.727,156.237]
                    uniform                   299.583 [233.714,352.199]  145.901 [139.610,151.356]
                    uniform_cvl:chrf          306.007 [233.720,369.747]  146.262 [139.929,152.615]
                    uniform_cvl:comet22       286.407 [216.194,354.170]  147.107 [141.482,154.750]
                    uniform_cvl:inv_comet22   299.583 [233.714,352.199]  145.901 [139.610,151.356]
                    uniform_cvl:mistral_7b    312.007 [254.490,409.727]  148.491 [141.536,159.284]
                    uniform_cvl:qwen3_8b      309.371 [250.917,362.230]  147.748 [141.748,156.045]
                    weighted                  301.128 [212.417,356.646]  144.998 [139.671,149.150]
                    weighted_cvl:chrf         315.265 [210.528,363.458]  144.998 [140.068,149.468]
                    weighted_cvl:comet22      308.016 [214.655,354.423]  147.123 [138.533,152.962]
                    weighted_cvl:inv_comet22  301.128 [212.417,356.646]  144.998 [139.671,149.150]
                    weighted_cvl:mistral_7b   327.693 [219.716,428.315]  146.306 [140.887,150.862]
                    weighted_cvl:qwen3_8b     323.758 [211.347,391.085]  147.159 [140.919,153.106]
best_human          dedup                                                                         
inflation_J50       chrf                           0.004 [-0.013,0.018]       0.004 [-0.000,0.008]
                    comet22                        0.004 [-0.015,0.022]       0.004 [-0.000,0.008]
                    inv_comet22                    0.004 [-0.001,0.011]       0.004 [-0.000,0.008]
                    mistral_7b                     0.004 [-0.001,0.010]       0.004 [-0.000,0.008]
                    qwen3_8b                       0.004 [-0.009,0.009]       0.004 [-0.000,0.008]
inflation_J80       chrf                           0.239 [-0.087,0.452]       0.010 [-0.038,0.075]
                    comet22                        0.275 [-0.058,0.544]       0.019 [-0.061,0.075]
                    inv_comet22                    0.204 [-0.032,0.431]       0.013 [-0.025,0.063]
                    mistral_7b                     0.268 [-0.032,0.518]       0.004 [-0.063,0.063]
                    qwen3_8b                       0.261 [-0.128,0.457]       0.015 [-0.032,0.081]
max_wrong           ALL                                           0.070                      0.000
pred_corr_logratio  ALL                                          -0.083                     -0.039
save_vs_uniform_J50 dedup                          0.003 [-0.001,0.006]        0.003 [0.000,0.007]
                    weighted                      -0.001 [-0.010,0.004]      -0.001 [-0.005,0.005]
save_vs_uniform_J80 dedup                          0.165 [-0.029,0.310]       0.019 [-0.003,0.067]
                    weighted                      -0.005 [-0.068,0.251]       0.006 [-0.024,0.052]
 eps                 selector  regret     lo    hi oracle                                                                                                                                                                     picks
0.01                    dedup   0.000  0.000 0.001  dedup                                                                                                                                                                          
0.01        weighted_cvl:chrf   0.004  0.000 0.025  dedup                                                                                                                                                                          
0.01     weighted_cvl:comet22   0.004  0.000 0.024  dedup                                                                                                                                                                          
0.01 weighted_cvl:inv_comet22   0.004  0.000 0.011  dedup                                                                                                                                                                          
0.01  weighted_cvl:mistral_7b   0.004  0.000 0.013  dedup                                                                                                                                                                          
0.01    weighted_cvl:qwen3_8b   0.004  0.000 0.014  dedup                                                                                                                                                                          
0.01             sel_accuracy   0.004  0.000 0.023  dedup               {'weighted_cvl:comet22': 0.51, 'weighted_cvl:chrf': 0.28, 'weighted_cvl:qwen3_8b': 0.16, 'weighted_cvl:mistral_7b': 0.03, 'weighted_cvl:inv_comet22': 0.02}
0.01                  sel_rho   0.006  0.000 0.030  dedup                  {'weighted_cvl:comet22': 0.6, 'weighted_cvl:qwen3_8b': 0.2, 'weighted_cvl:chrf': 0.1, 'weighted_cvl:mistral_7b': 0.09, 'weighted_cvl:inv_comet22': 0.01}
0.01            sel_pilotcost   0.003 -0.001 0.031  dedup {'dedup': 0.4, 'weighted_cvl:comet22': 0.39, 'weighted_cvl:qwen3_8b': 0.11, 'weighted_cvl:mistral_7b': 0.05, 'weighted_cvl:chrf': 0.04, 'weighted_cvl:inv_comet22': 0.01}
0.02                    dedup   0.000  0.000 0.000  dedup                                                                                                                                                                          
0.02        weighted_cvl:chrf   0.004  0.000 0.008  dedup                                                                                                                                                                          
0.02     weighted_cvl:comet22   0.004  0.000 0.008  dedup                                                                                                                                                                          
0.02 weighted_cvl:inv_comet22   0.004  0.000 0.008  dedup                                                                                                                                                                          
0.02  weighted_cvl:mistral_7b   0.004  0.000 0.008  dedup                                                                                                                                                                          
0.02    weighted_cvl:qwen3_8b   0.004  0.000 0.008  dedup                                                                                                                                                                          
0.02             sel_accuracy   0.004  0.000 0.008  dedup               {'weighted_cvl:comet22': 0.51, 'weighted_cvl:chrf': 0.28, 'weighted_cvl:qwen3_8b': 0.16, 'weighted_cvl:mistral_7b': 0.03, 'weighted_cvl:inv_comet22': 0.02}
0.02                  sel_rho   0.004  0.000 0.008  dedup                  {'weighted_cvl:comet22': 0.6, 'weighted_cvl:qwen3_8b': 0.2, 'weighted_cvl:chrf': 0.1, 'weighted_cvl:mistral_7b': 0.09, 'weighted_cvl:inv_comet22': 0.01}
0.02            sel_pilotcost   0.001 -0.002 0.003  dedup {'dedup': 0.73, 'weighted_cvl:comet22': 0.19, 'weighted_cvl:qwen3_8b': 0.04, 'weighted_cvl:mistral_7b': 0.02, 'weighted_cvl:chrf': 0.02, 'weighted_cvl:inv_comet22': 0.0}
