eps                                                                0.01                       0.02
metric              design                                                                        
HES_best_J50        chrf                          -0.162 [-0.584,0.092]        0.000 [0.000,0.000]
                    comet22                       -0.105 [-0.395,0.094]        0.000 [0.000,0.000]
                    inv_comet22                   -0.162 [-0.424,0.184]        0.000 [0.000,0.000]
                    mistral_7b                    -0.333 [-0.791,0.120]        0.000 [0.000,0.000]
                    qwen3_8b                      -0.194 [-0.564,0.016]        0.000 [0.000,0.000]
HES_best_J80        chrf                          -0.048 [-0.218,0.103]      -0.015 [-0.081,0.042]
                    comet22                       -0.000 [-0.170,0.114]      -0.003 [-0.100,0.078]
                    inv_comet22                   -0.048 [-0.257,0.084]      -0.014 [-0.055,0.000]
                    mistral_7b                   -0.345 [-0.554,-0.095]     -0.322 [-0.492,-0.124]
                    qwen3_8b                      -0.028 [-0.260,0.119]      -0.086 [-0.177,0.010]
HES_uniform_J50     chrf                          -0.037 [-0.395,0.042]        0.000 [0.000,0.000]
                    comet22                        0.017 [-0.286,0.249]        0.000 [0.000,0.000]
                    inv_comet22                    0.000 [-0.014,0.190]        0.000 [0.000,0.000]
                    mistral_7b                   -0.465 [-0.870,-0.000]        0.000 [0.000,0.000]
                    qwen3_8b                      -0.201 [-0.854,0.094]        0.000 [0.000,0.000]
HES_uniform_J80     chrf                           0.010 [-0.033,0.078]       0.014 [-0.033,0.070]
                    comet22                        0.023 [-0.026,0.095]        0.045 [0.002,0.103]
                    inv_comet22                     0.000 [0.000,0.005]      -0.005 [-0.031,0.000]
                    mistral_7b                   -0.336 [-0.533,-0.110]     -0.201 [-0.330,-0.034]
                    qwen3_8b                     -0.068 [-0.161,-0.005]       0.020 [-0.013,0.097]
J50                 active_cvl:chrf           149.353 [138.700,195.098]  109.720 [109.033,110.633]
                    active_cvl:comet22        145.505 [128.930,193.723]  109.733 [109.065,110.359]
                    active_cvl:inv_comet22    186.235 [142.524,198.032]  109.740 [109.036,110.442]
                    active_cvl:mistral_7b     220.308 [129.504,247.822]  109.260 [108.524,110.059]
                    active_cvl:qwen3_8b       183.313 [109.188,210.815]  109.507 [108.551,110.301]
                    dedup                     149.473 [109.253,182.133]  109.353 [108.726,110.122]
                    sel_accuracy              176.261 [146.255,192.652]  109.320 [108.608,110.069]
                    sel_pilotcost             178.267 [144.393,198.069]  109.320 [108.608,110.069]
                    sel_rho                   182.429 [143.696,202.054]  109.320 [108.608,110.112]
                    uniform                   171.275 [109.384,225.308]  109.733 [108.992,110.420]
                    uniform_cvl:chrf          177.532 [109.630,236.220]  109.733 [108.992,110.420]
                    uniform_cvl:comet22       168.286 [109.687,215.238]  109.733 [108.992,110.420]
                    uniform_cvl:inv_comet22   171.275 [109.277,225.392]  109.733 [108.992,110.420]
                    uniform_cvl:mistral_7b    250.959 [128.271,280.991]  109.733 [108.992,110.420]
                    uniform_cvl:qwen3_8b      205.690 [148.517,231.910]  109.733 [108.992,110.420]
                    weighted                  173.354 [131.497,190.662]  109.320 [108.608,110.069]
                    weighted_cvl:chrf         173.640 [152.275,190.524]  109.320 [108.608,110.069]
                    weighted_cvl:comet22      165.234 [133.313,186.917]  109.320 [108.608,110.069]
                    weighted_cvl:inv_comet22  173.640 [119.352,190.662]  109.320 [108.608,110.069]
                    weighted_cvl:mistral_7b   199.274 [132.014,228.719]  109.320 [108.608,110.069]
                    weighted_cvl:qwen3_8b     178.507 [158.401,195.266]  109.320 [108.608,110.069]
J80                 active_cvl:chrf           439.482 [354.100,532.580]  184.446 [153.646,194.133]
                    active_cvl:comet22        489.531 [427.575,561.230]  184.266 [147.991,201.321]
                    active_cvl:inv_comet22    513.431 [385.222,612.272]  187.386 [161.919,200.624]
                    active_cvl:mistral_7b     592.389 [480.005,695.413]  212.065 [191.924,240.535]
                    active_cvl:qwen3_8b       481.393 [432.426,550.300]  195.577 [173.152,207.005]
                    dedup                     413.332 [361.688,454.314]  174.196 [159.372,191.157]
                    sel_accuracy              438.609 [351.855,529.845]  178.507 [160.157,210.516]
                    sel_pilotcost             445.693 [358.006,535.803]  172.945 [160.135,207.012]
                    sel_rho                   502.184 [372.474,607.016]  191.582 [168.474,227.905]
                    uniform                   466.328 [416.196,527.491]  195.707 [174.358,214.543]
                    uniform_cvl:chrf          461.756 [424.180,522.412]  192.897 [173.865,214.321]
                    uniform_cvl:comet22       455.427 [413.163,505.951]  186.849 [170.243,209.722]
                    uniform_cvl:inv_comet22   466.328 [416.196,526.646]  196.638 [175.161,214.543]
                    uniform_cvl:mistral_7b    623.044 [480.660,721.927]  234.967 [183.422,255.785]
                    uniform_cvl:qwen3_8b      498.247 [438.393,564.262]  191.700 [170.858,213.283]
                    weighted                  424.705 [355.757,515.202]  169.747 [154.526,200.956]
                    weighted_cvl:chrf         433.356 [353.926,520.675]  172.359 [156.244,197.408]
                    weighted_cvl:comet22      413.440 [349.918,492.532]  170.331 [159.483,194.392]
                    weighted_cvl:inv_comet22  433.356 [355.757,526.326]  172.159 [157.744,202.989]
                    weighted_cvl:mistral_7b   555.770 [441.902,660.332]  224.450 [183.784,249.297]
                    weighted_cvl:qwen3_8b     424.705 [353.052,534.085]  184.391 [159.112,213.838]
best_human          dedup                                                                      NaN
                    weighted                                        NaN                           
inflation_J50       chrf                           0.125 [-0.345,0.517]        0.000 [0.000,0.000]
                    comet22                        0.123 [-0.269,0.484]        0.000 [0.000,0.000]
                    inv_comet22                    0.162 [-0.166,0.492]        0.000 [0.000,0.000]
                    mistral_7b                    -0.132 [-0.796,0.710]        0.000 [0.000,0.000]
                    qwen3_8b                      -0.007 [-0.782,0.375]        0.000 [0.000,0.000]
inflation_J80       chrf                           0.058 [-0.105,0.240]       0.030 [-0.047,0.110]
                    comet22                        0.024 [-0.096,0.216]       0.049 [-0.055,0.142]
                    inv_comet22                    0.048 [-0.084,0.257]       0.009 [-0.018,0.049]
                    mistral_7b                     0.009 [-0.236,0.268]       0.122 [-0.074,0.327]
                    qwen3_8b                      -0.041 [-0.182,0.162]       0.107 [-0.014,0.233]
max_wrong           ALL                                           0.000                      0.000
pred_corr_logratio  ALL                                           0.238                      0.409
save_vs_uniform_J50 dedup                          0.127 [-0.297,0.340]       0.003 [-0.000,0.007]
                    weighted                      -0.012 [-0.601,0.264]        0.004 [0.001,0.008]
save_vs_uniform_J80 dedup                           0.114 [0.041,0.227]        0.110 [0.029,0.185]
                    weighted                       0.089 [-0.030,0.253]        0.133 [0.024,0.242]
 eps                 selector  regret     lo    hi   oracle                                                                                                                                                                      picks
0.01                    dedup   0.000  0.000 0.204    dedup                                                                                                                                                                           
0.01        weighted_cvl:chrf   0.162  0.009 0.584    dedup                                                                                                                                                                           
0.01     weighted_cvl:comet22   0.105  0.000 0.411    dedup                                                                                                                                                                           
0.01 weighted_cvl:inv_comet22   0.162  0.000 0.435    dedup                                                                                                                                                                           
0.01  weighted_cvl:mistral_7b   0.333  0.000 0.808    dedup                                                                                                                                                                           
0.01    weighted_cvl:qwen3_8b   0.194  0.037 0.565    dedup                                                                                                                                                                           
0.01             sel_accuracy   0.179  0.018 0.580    dedup                  {'weighted_cvl:comet22': 0.5, 'weighted_cvl:chrf': 0.31, 'weighted_cvl:qwen3_8b': 0.1, 'weighted_cvl:mistral_7b': 0.08, 'weighted_cvl:inv_comet22': 0.01}
0.01                  sel_rho   0.220  0.001 0.598    dedup                  {'weighted_cvl:comet22': 0.5, 'weighted_cvl:qwen3_8b': 0.23, 'weighted_cvl:chrf': 0.16, 'weighted_cvl:mistral_7b': 0.1, 'weighted_cvl:inv_comet22': 0.02}
0.01            sel_pilotcost   0.193 -0.023 0.558    dedup {'dedup': 0.38, 'weighted_cvl:comet22': 0.32, 'weighted_cvl:qwen3_8b': 0.14, 'weighted_cvl:chrf': 0.09, 'weighted_cvl:mistral_7b': 0.05, 'weighted_cvl:inv_comet22': 0.02}
0.02                 weighted   0.000  0.000 0.000 weighted                                                                                                                                                                           
0.02        weighted_cvl:chrf   0.000  0.000 0.000 weighted                                                                                                                                                                           
0.02     weighted_cvl:comet22   0.000  0.000 0.000 weighted                                                                                                                                                                           
0.02 weighted_cvl:inv_comet22   0.000  0.000 0.000 weighted                                                                                                                                                                           
0.02  weighted_cvl:mistral_7b   0.000  0.000 0.000 weighted                                                                                                                                                                           
0.02    weighted_cvl:qwen3_8b   0.000  0.000 0.000 weighted                                                                                                                                                                           
0.02             sel_accuracy   0.000  0.000 0.000 weighted                  {'weighted_cvl:comet22': 0.5, 'weighted_cvl:chrf': 0.31, 'weighted_cvl:qwen3_8b': 0.1, 'weighted_cvl:mistral_7b': 0.08, 'weighted_cvl:inv_comet22': 0.01}
0.02                  sel_rho   0.000  0.000 0.000 weighted                  {'weighted_cvl:comet22': 0.5, 'weighted_cvl:qwen3_8b': 0.23, 'weighted_cvl:chrf': 0.16, 'weighted_cvl:mistral_7b': 0.1, 'weighted_cvl:inv_comet22': 0.02}
0.02            sel_pilotcost   0.000  0.000 0.000 weighted                                                                  {'weighted': 0.96, 'weighted_cvl:comet22': 0.03, 'weighted_cvl:qwen3_8b': 0.01, 'weighted_cvl:chrf': 0.0}
