eps                                                             0.01                       0.02
metric              design                                                                     
HES_best_J50        syn0.1                     -0.013 [-0.148,0.015]      -0.024 [-0.056,0.019]
                    syn0.2                     -0.024 [-0.131,0.012]      -0.021 [-0.147,0.001]
                    syn0.3                      0.006 [-0.147,0.037]     -0.031 [-0.199,-0.004]
                    syn0.4                      0.015 [-0.093,0.070]     -0.033 [-0.199,-0.005]
                    syn0.5                      0.049 [-0.067,0.109]       0.001 [-0.061,0.046]
                    syn0.6                       0.175 [0.010,0.261]       0.047 [-0.025,0.094]
                    syn0.7                       0.235 [0.100,0.305]        0.116 [0.005,0.151]
                    syn0.8                       0.326 [0.184,0.372]        0.170 [0.047,0.195]
                    syn0.9                       0.431 [0.313,0.473]        0.175 [0.051,0.200]
HES_best_J80        syn0.1                      0.000 [-0.090,0.000]       0.025 [-0.030,0.067]
                    syn0.2                      0.000 [-0.249,0.435]       0.034 [-0.046,0.135]
                    syn0.3                      0.000 [-0.323,0.165]       0.016 [-0.060,0.084]
                    syn0.4                      0.000 [-0.416,0.282]       0.068 [-0.009,0.154]
                    syn0.5                     -0.005 [-1.342,0.014]       0.042 [-0.048,0.159]
                    syn0.6                     -0.005 [-0.131,0.560]        0.229 [0.124,0.323]
                    syn0.7                      0.000 [-0.054,0.246]        0.281 [0.167,0.348]
                    syn0.8                     -0.005 [-0.383,0.269]        0.419 [0.321,0.487]
                    syn0.9                      0.000 [-0.037,0.536]        0.507 [0.421,0.562]
HES_uniform_J50     syn0.1                     -0.009 [-0.054,0.019]      -0.001 [-0.240,0.012]
                    syn0.2                     -0.017 [-0.080,0.020]      -0.006 [-0.231,0.007]
                    syn0.3                      0.046 [-0.035,0.106]      -0.010 [-0.230,0.014]
                    syn0.4                      0.048 [-0.043,0.109]      -0.004 [-0.217,0.014]
                    syn0.5                       0.130 [0.035,0.163]       0.028 [-0.197,0.065]
                    syn0.6                       0.201 [0.104,0.262]       0.126 [-0.071,0.174]
                    syn0.7                       0.288 [0.181,0.359]       0.155 [-0.010,0.189]
                    syn0.8                       0.384 [0.293,0.419]        0.231 [0.047,0.249]
                    syn0.9                       0.503 [0.433,0.542]        0.231 [0.054,0.251]
HES_uniform_J80     syn0.1                      0.000 [-0.055,0.098]      -0.001 [-0.090,0.038]
                    syn0.2                      0.015 [-1.110,0.219]       0.032 [-0.054,0.090]
                    syn0.3                      0.015 [-0.024,0.422]       0.058 [-0.008,0.106]
                    syn0.4                      0.000 [-0.028,0.410]       0.037 [-0.034,0.150]
                    syn0.5                     -0.007 [-0.968,0.383]        0.122 [0.036,0.223]
                    syn0.6                      0.000 [-1.244,0.254]        0.208 [0.098,0.303]
                    syn0.7                      0.007 [-0.009,0.479]        0.330 [0.234,0.421]
                    syn0.8                     -0.007 [-1.279,0.443]        0.489 [0.390,0.567]
                    syn0.9                     -0.007 [-0.021,0.720]        0.559 [0.492,0.626]
J50                 active_cvl:syn0.1      390.550 [347.570,429.486]  245.849 [215.676,255.366]
                    active_cvl:syn0.2      414.839 [357.458,446.826]  244.390 [231.510,249.901]
                    active_cvl:syn0.3      387.223 [333.353,422.625]  242.791 [228.796,250.380]
                    active_cvl:syn0.4      379.041 [340.554,410.628]  240.985 [229.393,246.137]
                    active_cvl:syn0.5      369.060 [311.754,407.784]  238.913 [211.789,244.318]
                    active_cvl:syn0.6      314.494 [300.100,339.358]  216.290 [205.555,221.237]
                    active_cvl:syn0.7      289.070 [270.921,309.284]  209.642 [203.087,219.378]
                    active_cvl:syn0.8      253.064 [243.075,268.116]  195.820 [194.485,198.915]
                    active_cvl:syn0.9      210.033 [204.820,217.650]  195.780 [194.546,196.871]
                    dedup                  400.694 [336.863,428.688]  246.642 [203.889,252.779]
                    sel_accuracy           238.899 [224.000,250.539]  196.190 [194.922,197.573]
                    sel_pilotcost          223.390 [210.770,234.003]  196.190 [194.922,197.259]
                    sel_rho                221.399 [209.211,231.744]  196.190 [194.922,197.259]
                    uniform                462.671 [402.832,521.675]  261.377 [212.931,269.053]
                    uniform_cvl:syn0.1     466.758 [409.653,501.478]  261.569 [247.582,274.173]
                    uniform_cvl:syn0.2     470.738 [415.887,497.951]  262.934 [252.700,270.454]
                    uniform_cvl:syn0.3     441.417 [395.047,490.050]  264.057 [249.544,271.454]
                    uniform_cvl:syn0.4     440.288 [396.452,467.547]  262.478 [248.302,271.029]
                    uniform_cvl:syn0.5     402.420 [374.493,450.598]  253.966 [220.896,263.182]
                    uniform_cvl:syn0.6     369.623 [330.867,429.021]  228.323 [212.966,244.372]
                    uniform_cvl:syn0.7     329.542 [311.549,380.359]  220.973 [210.891,235.274]
                    uniform_cvl:syn0.8     285.110 [268.233,317.303]  201.110 [200.043,206.177]
                    uniform_cvl:syn0.9     229.927 [215.748,243.075]  201.110 [200.005,202.210]
                    weighted               389.268 [317.104,423.001]  237.851 [207.027,244.990]
                    weighted_cvl:syn0.1    394.399 [345.148,426.059]  243.531 [207.772,249.719]
                    weighted_cvl:syn0.2    398.606 [341.381,425.666]  242.924 [228.484,248.661]
                    weighted_cvl:syn0.3    386.793 [342.882,420.111]  245.222 [232.076,255.888]
                    weighted_cvl:syn0.4    383.331 [325.466,413.905]  245.748 [235.759,251.214]
                    weighted_cvl:syn0.5    370.174 [319.417,417.149]  237.575 [209.689,244.866]
                    weighted_cvl:syn0.6    321.009 [301.782,369.623]  226.598 [209.964,237.765]
                    weighted_cvl:syn0.7    297.824 [272.826,340.013]  210.323 [205.212,225.334]
                    weighted_cvl:syn0.8    262.174 [253.705,282.281]  197.437 [194.964,203.524]
                    weighted_cvl:syn0.9    221.399 [209.201,231.744]  196.190 [194.922,197.259]
J80                 active_cvl:syn0.1    3513.958 [797.034,3825.419]  482.818 [383.010,565.249]
                    active_cvl:syn0.2    3478.919 [808.339,3825.419]  462.959 [371.623,567.488]
                    active_cvl:syn0.3    3544.067 [789.632,3835.047]  454.205 [372.650,530.609]
                    active_cvl:syn0.4    3536.320 [739.154,3831.968]  419.456 [360.919,518.736]
                    active_cvl:syn0.5    3480.140 [616.310,3808.821]  421.751 [354.777,465.333]
                    active_cvl:syn0.6    3561.311 [651.912,3842.936]  356.234 [300.526,429.548]
                    active_cvl:syn0.7    3481.142 [578.909,3800.009]  303.090 [268.645,391.016]
                    active_cvl:syn0.8    3551.758 [436.762,3838.589]  261.363 [233.132,285.975]
                    active_cvl:syn0.9    3568.628 [314.806,3847.020]  213.309 [205.734,226.368]
                    dedup                3487.765 [743.510,3800.227]  469.198 [372.741,585.756]
                    sel_accuracy         3546.270 [452.168,3835.843]  253.137 [235.582,274.026]
                    sel_pilotcost        3530.258 [395.223,3815.533]  233.108 [211.404,251.420]
                    sel_rho              3530.258 [395.223,3815.533]  230.818 [211.125,248.488]
                    uniform              4155.299 [860.657,4651.199]  547.337 [443.199,671.160]
                    uniform_cvl:syn0.1   4155.299 [891.524,4651.199]  548.129 [463.588,699.886]
                    uniform_cvl:syn0.2   4094.356 [870.957,4619.105]  529.658 [434.259,644.217]
                    uniform_cvl:syn0.3   4094.356 [836.593,4637.977]  515.629 [434.938,639.509]
                    uniform_cvl:syn0.4   4155.299 [839.954,4657.114]  527.125 [404.585,644.154]
                    uniform_cvl:syn0.5   4183.365 [798.869,4670.833]  480.463 [397.040,600.011]
                    uniform_cvl:syn0.6   4155.299 [747.379,4672.632]  433.514 [383.433,513.121]
                    uniform_cvl:syn0.7   4125.674 [691.467,4642.541]  366.592 [323.165,449.198]
                    uniform_cvl:syn0.8   4183.365 [628.490,4670.833]  279.680 [266.446,345.515]
                    uniform_cvl:syn0.9   4183.365 [382.334,4696.744]  241.321 [217.732,254.177]
                    weighted             3530.258 [808.864,3834.071]  467.643 [379.575,549.304]
                    weighted_cvl:syn0.1  3530.258 [821.696,3834.071]  456.093 [378.232,541.180]
                    weighted_cvl:syn0.2  3530.258 [815.608,3834.071]  451.762 [371.715,545.710]
                    weighted_cvl:syn0.3  3530.258 [797.391,3834.071]  460.170 [383.746,527.655]
                    weighted_cvl:syn0.4  3530.258 [805.236,3841.527]  436.033 [370.487,514.825]
                    weighted_cvl:syn0.5  3546.270 [781.734,3843.219]  447.940 [363.984,522.657]
                    weighted_cvl:syn0.6  3546.270 [614.913,3832.994]  360.414 [312.866,412.419]
                    weighted_cvl:syn0.7  3530.258 [619.568,3834.604]  336.012 [298.646,415.473]
                    weighted_cvl:syn0.8  3546.270 [505.049,3843.219]  271.692 [252.397,315.171]
                    weighted_cvl:syn0.9  3530.258 [395.223,3815.533]  230.577 [210.563,248.690]
best_human          weighted                                                                   
inflation_J50       syn0.1                      0.004 [-0.050,0.136]       0.023 [-0.204,0.053]
                    syn0.2                      0.007 [-0.028,0.127]       0.015 [-0.197,0.064]
                    syn0.3                      0.040 [-0.027,0.149]       0.021 [-0.194,0.068]
                    syn0.4                      0.033 [-0.089,0.161]       0.029 [-0.187,0.073]
                    syn0.5                      0.081 [-0.004,0.191]       0.027 [-0.229,0.063]
                    syn0.6                      0.026 [-0.064,0.189]       0.079 [-0.125,0.152]
                    syn0.7                      0.053 [-0.040,0.190]       0.039 [-0.134,0.138]
                    syn0.8                      0.057 [-0.024,0.187]       0.061 [-0.111,0.115]
                    syn0.9                       0.072 [0.016,0.186]       0.055 [-0.113,0.093]
inflation_J80       syn0.1                      0.000 [-0.047,0.134]      -0.026 [-0.149,0.055]
                    syn0.2                      0.015 [-1.194,0.189]      -0.002 [-0.124,0.126]
                    syn0.3                      0.015 [-0.035,0.782]       0.042 [-0.053,0.125]
                    syn0.4                      0.000 [-0.037,0.418]      -0.031 [-0.140,0.077]
                    syn0.5                     -0.002 [-0.040,1.561]       0.080 [-0.043,0.251]
                    syn0.6                      0.005 [-1.740,0.092]      -0.021 [-0.122,0.085]
                    syn0.7                      0.007 [-0.032,0.522]       0.049 [-0.015,0.150]
                    syn0.8                     -0.002 [-1.052,0.444]       0.070 [-0.003,0.133]
                    syn0.9                     -0.007 [-0.040,0.646]        0.052 [0.011,0.125]
max_wrong           ALL                                        0.017                      0.000
pred_corr_logratio  ALL                                        0.986                      0.949
save_vs_uniform_J50 dedup                        0.134 [0.076,0.224]       0.056 [-0.139,0.095]
                    weighted                     0.159 [0.068,0.289]       0.090 [-0.108,0.128]
save_vs_uniform_J80 dedup                        0.161 [0.081,0.386]        0.143 [0.053,0.206]
                    weighted                    0.150 [-0.210,0.265]        0.146 [0.060,0.282]
 eps            selector  excess_vs_best_fixed    lo    hi          best_fixed                                                                                                                                            picks
0.01            weighted                 0.431 0.313 0.473 weighted_cvl:syn0.9                                                                                                                                                 
0.01 weighted_cvl:syn0.1                 0.444 0.383 0.485 weighted_cvl:syn0.9                                                                                                                                                 
0.01 weighted_cvl:syn0.2                 0.455 0.386 0.510 weighted_cvl:syn0.9                                                                                                                                                 
0.01 weighted_cvl:syn0.3                 0.425 0.365 0.489 weighted_cvl:syn0.9                                                                                                                                                 
0.01 weighted_cvl:syn0.4                 0.416 0.338 0.489 weighted_cvl:syn0.9                                                                                                                                                 
0.01 weighted_cvl:syn0.5                 0.382 0.309 0.453 weighted_cvl:syn0.9                                                                                                                                                 
0.01 weighted_cvl:syn0.6                 0.256 0.199 0.359 weighted_cvl:syn0.9                                                                                                                                                 
0.01 weighted_cvl:syn0.7                 0.196 0.140 0.280 weighted_cvl:syn0.9                                                                                                                                                 
0.01 weighted_cvl:syn0.8                 0.105 0.081 0.150 weighted_cvl:syn0.9                                                                                                                                                 
0.01 weighted_cvl:syn0.9                 0.000 0.000 0.000 weighted_cvl:syn0.9                                                                                                                                                 
0.01        sel_accuracy                 0.045 0.018 0.078 weighted_cvl:syn0.9 {'weighted_cvl:syn0.9': 0.6, 'weighted_cvl:syn0.8': 0.31, 'weighted_cvl:syn0.6': 0.04, 'weighted_cvl:syn0.7': 0.04, 'weighted_cvl:syn0.5': 0.01}
0.01             sel_rho                 0.000 0.000 0.000 weighted_cvl:syn0.9                                                                                       {'weighted_cvl:syn0.9': 0.99, 'weighted_cvl:syn0.8': 0.01}
0.01       sel_pilotcost                 0.005 0.000 0.013 weighted_cvl:syn0.9                                                           {'weighted_cvl:syn0.9': 0.97, 'weighted_cvl:syn0.8': 0.03, 'weighted_cvl:syn0.6': 0.0}
0.02            weighted                 0.175 0.051 0.200 weighted_cvl:syn0.9                                                                                                                                                 
0.02 weighted_cvl:syn0.1                 0.199 0.054 0.221 weighted_cvl:syn0.9                                                                                                                                                 
0.02 weighted_cvl:syn0.2                 0.196 0.145 0.222 weighted_cvl:syn0.9                                                                                                                                                 
0.02 weighted_cvl:syn0.3                 0.206 0.158 0.264 weighted_cvl:syn0.9                                                                                                                                                 
0.02 weighted_cvl:syn0.4                 0.208 0.176 0.256 weighted_cvl:syn0.9                                                                                                                                                 
0.02 weighted_cvl:syn0.5                 0.174 0.058 0.205 weighted_cvl:syn0.9                                                                                                                                                 
0.02 weighted_cvl:syn0.6                 0.128 0.061 0.176 weighted_cvl:syn0.9                                                                                                                                                 
0.02 weighted_cvl:syn0.7                 0.059 0.037 0.123 weighted_cvl:syn0.9                                                                                                                                                 
0.02 weighted_cvl:syn0.8                 0.005 0.000 0.030 weighted_cvl:syn0.9                                                                                                                                                 
0.02 weighted_cvl:syn0.9                 0.000 0.000 0.000 weighted_cvl:syn0.9                                                                                                                                                 
0.02        sel_accuracy                 0.000 0.000 0.003 weighted_cvl:syn0.9 {'weighted_cvl:syn0.9': 0.6, 'weighted_cvl:syn0.8': 0.31, 'weighted_cvl:syn0.6': 0.04, 'weighted_cvl:syn0.7': 0.04, 'weighted_cvl:syn0.5': 0.01}
0.02             sel_rho                 0.000 0.000 0.000 weighted_cvl:syn0.9                                                                                       {'weighted_cvl:syn0.9': 0.99, 'weighted_cvl:syn0.8': 0.01}
0.02       sel_pilotcost                 0.000 0.000 0.000 weighted_cvl:syn0.9                                                                     {'weighted_cvl:syn0.9': 0.97, 'weighted_cvl:syn0.8': 0.02, 'weighted': 0.01}
