eps                                                                0.01                       0.02
metric              design                                                                        
HES_best_J50        chrf                            0.000 [0.000,0.000]        0.000 [0.000,0.000]
                    comet22                         0.000 [0.000,0.000]        0.000 [0.000,0.000]
                    inv_comet22                     0.000 [0.000,0.000]        0.000 [0.000,0.000]
                    mistral_7b                      0.000 [0.000,0.000]        0.000 [0.000,0.000]
                    qwen3_8b                        0.000 [0.000,0.000]        0.000 [0.000,0.000]
HES_best_J80        chrf                          -0.028 [-0.075,0.002]       0.000 [-0.004,0.022]
                    comet22                        0.018 [-0.012,0.065]       0.000 [-0.040,0.022]
                    inv_comet22                     0.000 [0.000,0.000]        0.000 [0.000,0.000]
                    mistral_7b                   -0.033 [-0.095,-0.011]       0.000 [-0.023,0.018]
                    qwen3_8b                      -0.006 [-0.055,0.036]      -0.008 [-0.051,0.013]
HES_uniform_J50     chrf                            0.000 [0.000,0.000]        0.000 [0.000,0.000]
                    comet22                         0.000 [0.000,0.000]        0.000 [0.000,0.000]
                    inv_comet22                     0.000 [0.000,0.000]        0.000 [0.000,0.000]
                    mistral_7b                      0.000 [0.000,0.000]        0.000 [0.000,0.000]
                    qwen3_8b                        0.000 [0.000,0.000]        0.000 [0.000,0.000]
HES_uniform_J80     chrf                          -0.001 [-0.057,0.033]       0.011 [-0.022,0.070]
                    comet22                        0.010 [-0.022,0.064]      -0.040 [-0.093,0.000]
                    inv_comet22                     0.000 [0.000,0.000]        0.000 [0.000,0.000]
                    mistral_7b                   -0.032 [-0.127,-0.010]      -0.025 [-0.114,0.003]
                    qwen3_8b                      -0.006 [-0.032,0.015]      -0.012 [-0.048,0.014]
J50                 active_cvl:chrf           115.773 [115.144,116.407]  115.773 [115.147,116.381]
                    active_cvl:comet22        115.960 [115.282,116.563]  115.960 [115.340,116.539]
                    active_cvl:inv_comet22    116.087 [115.450,116.701]  116.087 [115.479,116.681]
                    active_cvl:mistral_7b     115.740 [115.050,116.355]  115.740 [115.036,116.468]
                    active_cvl:qwen3_8b       115.593 [114.934,116.110]  115.593 [115.010,116.210]
                    dedup                     115.840 [115.259,116.405]  115.840 [115.251,116.504]
                    sel_accuracy              115.807 [115.143,116.369]  115.807 [115.213,116.459]
                    sel_pilotcost             115.807 [115.143,116.369]  115.807 [115.213,116.459]
                    sel_rho                   115.807 [115.143,116.369]  115.807 [115.213,116.459]
                    uniform                   115.940 [115.341,116.509]  115.940 [115.306,116.611]
                    uniform_cvl:chrf          115.940 [115.341,116.509]  115.940 [115.306,116.611]
                    uniform_cvl:comet22       115.940 [115.341,116.509]  115.940 [115.306,116.611]
                    uniform_cvl:inv_comet22   115.940 [115.341,116.509]  115.940 [115.306,116.611]
                    uniform_cvl:mistral_7b    115.940 [115.341,116.509]  115.940 [115.306,116.611]
                    uniform_cvl:qwen3_8b      115.940 [115.341,116.509]  115.940 [115.306,116.611]
                    weighted                  115.807 [115.143,116.369]  115.807 [115.213,116.459]
                    weighted_cvl:chrf         115.807 [115.143,116.369]  115.807 [115.213,116.459]
                    weighted_cvl:comet22      115.807 [115.143,116.369]  115.807 [115.213,116.459]
                    weighted_cvl:inv_comet22  115.807 [115.143,116.369]  115.807 [115.213,116.459]
                    weighted_cvl:mistral_7b   115.807 [115.143,116.369]  115.807 [115.213,116.459]
                    weighted_cvl:qwen3_8b     115.807 [115.143,116.369]  115.807 [115.213,116.459]
J80                 active_cvl:chrf           150.121 [142.932,163.830]  115.773 [115.157,128.737]
                    active_cvl:comet22        149.209 [144.448,153.788]  115.960 [115.340,122.318]
                    active_cvl:inv_comet22    149.231 [139.520,156.591]  116.087 [115.481,122.511]
                    active_cvl:mistral_7b     161.694 [148.897,179.564]  115.740 [115.036,128.745]
                    active_cvl:qwen3_8b       150.581 [141.825,163.742]  116.113 [115.036,120.040]
                    dedup                     147.541 [142.238,151.666]  118.529 [115.331,124.326]
                    sel_accuracy              150.592 [142.698,161.004]  115.807 [115.220,125.767]
                    sel_pilotcost             151.380 [144.424,160.110]  115.807 [115.220,122.668]
                    sel_rho                   149.180 [141.299,155.741]  119.997 [115.220,128.127]
                    uniform                   150.288 [143.061,156.030]  118.148 [115.580,125.307]
                    uniform_cvl:chrf          150.371 [140.518,162.180]  116.906 [115.431,125.510]
                    uniform_cvl:comet22       148.771 [139.888,155.367]  122.894 [115.785,129.400]
                    uniform_cvl:inv_comet22   150.288 [143.061,156.030]  118.148 [115.580,125.307]
                    uniform_cvl:mistral_7b    155.087 [148.374,176.627]  121.091 [115.431,134.725]
                    uniform_cvl:qwen3_8b      151.248 [146.046,158.864]  119.546 [115.494,126.384]
                    weighted                  150.671 [142.991,158.064]  115.807 [115.220,122.668]
                    weighted_cvl:chrf         154.823 [145.869,169.342]  115.807 [115.220,121.345]
                    weighted_cvl:comet22      147.950 [139.603,153.372]  115.807 [115.220,125.526]
                    weighted_cvl:inv_comet22  150.671 [142.991,158.064]  115.807 [115.220,122.668]
                    weighted_cvl:mistral_7b   155.633 [146.867,171.450]  115.807 [115.250,122.384]
                    weighted_cvl:qwen3_8b     151.583 [141.714,164.885]  116.738 [115.220,123.935]
best_human          weighted                                                                      
inflation_J50       chrf                            0.000 [0.000,0.000]        0.000 [0.000,0.000]
                    comet22                         0.000 [0.000,0.000]        0.000 [0.000,0.000]
                    inv_comet22                     0.000 [0.000,0.000]        0.000 [0.000,0.000]
                    mistral_7b                      0.000 [0.000,0.000]        0.000 [0.000,0.000]
                    qwen3_8b                        0.000 [0.000,0.000]        0.000 [0.000,0.000]
inflation_J80       chrf                           0.027 [-0.007,0.079]       0.011 [-0.031,0.070]
                    comet22                       -0.008 [-0.058,0.031]      -0.040 [-0.097,0.013]
                    inv_comet22                     0.000 [0.000,0.000]        0.000 [0.000,0.000]
                    mistral_7b                     0.001 [-0.061,0.035]      -0.025 [-0.114,0.009]
                    qwen3_8b                      -0.000 [-0.046,0.048]      -0.004 [-0.060,0.031]
max_wrong           ALL                                           0.013                      0.017
pred_corr_logratio  ALL                                           0.415                      0.402
save_vs_uniform_J50 dedup                          0.001 [-0.002,0.003]       0.001 [-0.001,0.003]
                    weighted                       0.001 [-0.002,0.004]       0.001 [-0.002,0.005]
save_vs_uniform_J80 dedup                          0.018 [-0.007,0.042]      -0.003 [-0.018,0.026]
                    weighted                      -0.003 [-0.057,0.032]       0.020 [-0.033,0.074]
 eps                 selector  regret  lo  hi   oracle                                                                                                                                      picks
0.01                 weighted     0.0 0.0 0.0 weighted                                                                                                                                           
0.01        weighted_cvl:chrf     0.0 0.0 0.0 weighted                                                                                                                                           
0.01     weighted_cvl:comet22     0.0 0.0 0.0 weighted                                                                                                                                           
0.01 weighted_cvl:inv_comet22     0.0 0.0 0.0 weighted                                                                                                                                           
0.01  weighted_cvl:mistral_7b     0.0 0.0 0.0 weighted                                                                                                                                           
0.01    weighted_cvl:qwen3_8b     0.0 0.0 0.0 weighted                                                                                                                                           
0.01             sel_accuracy     0.0 0.0 0.0 weighted                  {'weighted_cvl:comet22': 0.46, 'weighted_cvl:chrf': 0.28, 'weighted_cvl:qwen3_8b': 0.23, 'weighted_cvl:mistral_7b': 0.03}
0.01                  sel_rho     0.0 0.0 0.0 weighted                  {'weighted_cvl:comet22': 0.68, 'weighted_cvl:qwen3_8b': 0.21, 'weighted_cvl:chrf': 0.07, 'weighted_cvl:mistral_7b': 0.04}
0.01            sel_pilotcost     0.0 0.0 0.0 weighted {'weighted': 0.85, 'weighted_cvl:comet22': 0.1, 'weighted_cvl:qwen3_8b': 0.03, 'weighted_cvl:chrf': 0.01, 'weighted_cvl:mistral_7b': 0.01}
0.02                 weighted     0.0 0.0 0.0 weighted                                                                                                                                           
0.02        weighted_cvl:chrf     0.0 0.0 0.0 weighted                                                                                                                                           
0.02     weighted_cvl:comet22     0.0 0.0 0.0 weighted                                                                                                                                           
0.02 weighted_cvl:inv_comet22     0.0 0.0 0.0 weighted                                                                                                                                           
0.02  weighted_cvl:mistral_7b     0.0 0.0 0.0 weighted                                                                                                                                           
0.02    weighted_cvl:qwen3_8b     0.0 0.0 0.0 weighted                                                                                                                                           
0.02             sel_accuracy     0.0 0.0 0.0 weighted                  {'weighted_cvl:comet22': 0.46, 'weighted_cvl:chrf': 0.28, 'weighted_cvl:qwen3_8b': 0.23, 'weighted_cvl:mistral_7b': 0.03}
0.02                  sel_rho     0.0 0.0 0.0 weighted                  {'weighted_cvl:comet22': 0.68, 'weighted_cvl:qwen3_8b': 0.21, 'weighted_cvl:chrf': 0.07, 'weighted_cvl:mistral_7b': 0.04}
0.02            sel_pilotcost     0.0 0.0 0.0 weighted                            {'weighted': 0.97, 'weighted_cvl:comet22': 0.02, 'weighted_cvl:qwen3_8b': 0.01, 'weighted_cvl:mistral_7b': 0.0}
