eps                                                                0.01                       0.02
metric              design                                                                        
HES_best_J50        chrf                          -0.221 [-0.302,0.101]      -0.003 [-0.006,0.001]
                    comet22                       -0.262 [-0.325,0.042]      -0.003 [-0.006,0.001]
                    inv_comet22                   -0.249 [-0.328,0.106]      -0.003 [-0.006,0.001]
                    mistral_7b                    -0.283 [-0.381,0.057]      -0.003 [-0.006,0.001]
                    qwen3_8b                      -0.230 [-0.309,0.121]      -0.003 [-0.006,0.001]
HES_best_J80        chrf                         -0.188 [-0.326,-0.035]      -0.033 [-0.220,0.045]
                    comet22                       -0.181 [-0.344,0.022]      -0.063 [-0.257,0.030]
                    inv_comet22                  -0.227 [-0.398,-0.090]      -0.045 [-0.250,0.027]
                    mistral_7b                   -0.482 [-0.660,-0.230]      -0.110 [-0.287,0.002]
                    qwen3_8b                     -0.263 [-0.451,-0.082]      -0.076 [-0.262,0.026]
HES_uniform_J50     chrf                           0.013 [-0.214,0.072]        0.000 [0.000,0.000]
                    comet22                        0.039 [-0.300,0.137]        0.000 [0.000,0.000]
                    inv_comet22                    0.000 [-0.000,0.000]        0.000 [0.000,0.000]
                    mistral_7b                   -0.110 [-0.506,-0.009]        0.000 [0.000,0.000]
                    qwen3_8b                       0.003 [-0.431,0.171]        0.000 [0.000,0.000]
HES_uniform_J80     chrf                           0.016 [-0.025,0.058]       0.055 [-0.002,0.097]
                    comet22                        0.015 [-0.044,0.091]       0.012 [-0.028,0.055]
                    inv_comet22                     0.000 [0.000,0.000]        0.000 [0.000,0.000]
                    mistral_7b                   -0.186 [-0.307,-0.089]     -0.052 [-0.133,-0.008]
                    qwen3_8b                      -0.071 [-0.171,0.004]       0.014 [-0.021,0.061]
J50                 active_cvl:chrf           190.469 [148.330,204.595]  109.473 [108.779,110.278]
                    active_cvl:comet22        185.145 [138.870,200.286]  109.647 [109.012,110.335]
                    active_cvl:inv_comet22    185.958 [131.133,217.903]  109.673 [109.036,110.380]
                    active_cvl:mistral_7b     188.577 [148.709,213.118]  109.440 [108.809,110.218]
                    active_cvl:qwen3_8b       171.008 [148.571,190.079]  109.427 [108.760,110.120]
                    dedup                     148.193 [143.034,203.525]  109.127 [108.569,110.026]
                    sel_accuracy              185.232 [156.786,196.314]  109.420 [108.774,110.225]
                    sel_pilotcost             183.411 [145.643,195.400]  109.140 [108.528,109.987]
                    sel_rho                   189.534 [149.026,198.018]  109.420 [108.774,110.225]
                    uniform                   203.627 [148.291,227.603]  109.547 [108.947,110.236]
                    uniform_cvl:chrf          200.918 [160.851,222.033]  109.547 [108.947,110.236]
                    uniform_cvl:comet22       195.628 [171.386,209.869]  109.547 [108.947,110.236]
                    uniform_cvl:inv_comet22   203.627 [148.314,227.603]  109.547 [108.947,110.236]
                    uniform_cvl:mistral_7b    225.928 [195.021,254.222]  109.547 [108.947,110.236]
                    uniform_cvl:qwen3_8b      203.034 [173.615,234.987]  109.547 [108.947,110.236]
                    weighted                  185.138 [146.680,196.705]  109.420 [108.774,110.245]
                    weighted_cvl:chrf         181.017 [148.346,192.139]  109.420 [108.774,110.225]
                    weighted_cvl:comet22      187.058 [150.125,195.851]  109.420 [108.774,110.225]
                    weighted_cvl:inv_comet22  185.138 [146.741,196.705]  109.420 [108.774,110.245]
                    weighted_cvl:mistral_7b   190.204 [173.902,205.398]  109.420 [108.774,110.255]
                    weighted_cvl:qwen3_8b     182.270 [147.229,192.952]  109.420 [108.774,110.225]
J80                 active_cvl:chrf           493.533 [360.472,541.260]  182.048 [168.714,193.158]
                    active_cvl:comet22        521.753 [456.599,583.843]  179.588 [147.963,190.185]
                    active_cvl:inv_comet22    477.088 [425.557,557.448]  173.422 [156.511,189.283]
                    active_cvl:mistral_7b     611.137 [545.126,682.477]  195.030 [175.955,205.311]
                    active_cvl:qwen3_8b       481.560 [425.562,561.808]  185.636 [170.265,196.875]
                    dedup                     358.665 [334.276,411.856]  168.418 [147.082,185.110]
                    sel_accuracy              421.287 [354.131,465.604]  177.927 [168.167,189.117]
                    sel_pilotcost             444.988 [358.420,504.316]  170.631 [155.742,185.152]
                    sel_rho                   471.948 [399.774,524.124]  183.667 [171.133,193.277]
                    uniform                   473.720 [432.862,524.585]  191.157 [173.604,198.137]
                    uniform_cvl:chrf          466.142 [415.653,512.987]  180.670 [167.677,197.017]
                    uniform_cvl:comet22       466.632 [420.664,510.531]  188.803 [173.180,197.206]
                    uniform_cvl:inv_comet22   473.720 [432.862,524.585]  191.157 [173.604,198.137]
                    uniform_cvl:mistral_7b    561.741 [510.961,604.763]  201.135 [176.871,216.334]
                    uniform_cvl:qwen3_8b      507.341 [458.648,551.953]  188.540 [173.756,198.221]
                    weighted                  439.992 [379.888,498.694]  175.229 [166.821,187.894]
                    weighted_cvl:chrf         425.963 [363.844,477.548]  174.054 [166.907,185.621]
                    weighted_cvl:comet22      423.718 [354.499,476.471]  179.075 [169.048,189.112]
                    weighted_cvl:inv_comet22  439.992 [379.888,498.694]  176.068 [166.821,188.670]
                    weighted_cvl:mistral_7b   531.404 [442.695,586.095]  187.000 [173.036,196.934]
                    weighted_cvl:qwen3_8b     452.899 [388.517,503.265]  181.275 [169.635,192.620]
best_human          dedup                                                                         
inflation_J50       chrf                           0.235 [-0.129,0.337]       0.003 [-0.001,0.006]
                    comet22                        0.302 [-0.052,0.384]       0.003 [-0.001,0.006]
                    inv_comet22                    0.249 [-0.106,0.328]       0.003 [-0.001,0.006]
                    mistral_7b                     0.174 [-0.263,0.346]       0.003 [-0.001,0.006]
                    qwen3_8b                       0.233 [-0.233,0.327]       0.003 [-0.001,0.006]
inflation_J80       chrf                            0.204 [0.060,0.360]       0.088 [-0.012,0.264]
                    comet22                        0.196 [-0.008,0.355]       0.076 [-0.020,0.255]
                    inv_comet22                     0.227 [0.090,0.398]       0.045 [-0.027,0.250]
                    mistral_7b                      0.296 [0.022,0.501]       0.058 [-0.079,0.243]
                    qwen3_8b                       0.192 [-0.004,0.383]        0.090 [0.000,0.261]
max_wrong           ALL                                           0.000                      0.000
pred_corr_logratio  ALL                                           0.468                      0.119
save_vs_uniform_J50 dedup                           0.272 [0.014,0.354]        0.004 [0.000,0.007]
                    weighted                       0.091 [-0.005,0.330]       0.001 [-0.004,0.006]
save_vs_uniform_J80 dedup                           0.243 [0.127,0.327]        0.119 [0.041,0.245]
                    weighted                       0.071 [-0.026,0.200]        0.083 [0.022,0.129]
 eps                 selector  regret     lo    hi oracle                                                                                                                                                                     picks
0.01                    dedup   0.000  0.000 0.125  dedup                                                                                                                                                                          
0.01        weighted_cvl:chrf   0.221  0.000 0.303  dedup                                                                                                                                                                          
0.01     weighted_cvl:comet22   0.262  0.015 0.326  dedup                                                                                                                                                                          
0.01 weighted_cvl:inv_comet22   0.249  0.001 0.328  dedup                                                                                                                                                                          
0.01  weighted_cvl:mistral_7b   0.283  0.027 0.381  dedup                                                                                                                                                                          
0.01    weighted_cvl:qwen3_8b   0.230  0.000 0.309  dedup                                                                                                                                                                          
0.01             sel_accuracy   0.250  0.014 0.334  dedup               {'weighted_cvl:comet22': 0.43, 'weighted_cvl:chrf': 0.29, 'weighted_cvl:qwen3_8b': 0.16, 'weighted_cvl:mistral_7b': 0.11, 'weighted_cvl:inv_comet22': 0.01}
0.01                  sel_rho   0.279  0.019 0.356  dedup               {'weighted_cvl:comet22': 0.44, 'weighted_cvl:qwen3_8b': 0.33, 'weighted_cvl:chrf': 0.13, 'weighted_cvl:mistral_7b': 0.09, 'weighted_cvl:inv_comet22': 0.01}
0.01            sel_pilotcost   0.238  0.005 0.318  dedup {'dedup': 0.46, 'weighted_cvl:comet22': 0.26, 'weighted_cvl:qwen3_8b': 0.18, 'weighted_cvl:chrf': 0.05, 'weighted_cvl:mistral_7b': 0.05, 'weighted_cvl:inv_comet22': 0.0}
0.02                    dedup   0.000  0.000 0.001  dedup                                                                                                                                                                          
0.02        weighted_cvl:chrf   0.003  0.000 0.006  dedup                                                                                                                                                                          
0.02     weighted_cvl:comet22   0.003  0.000 0.006  dedup                                                                                                                                                                          
0.02 weighted_cvl:inv_comet22   0.003  0.000 0.006  dedup                                                                                                                                                                          
0.02  weighted_cvl:mistral_7b   0.003  0.000 0.006  dedup                                                                                                                                                                          
0.02    weighted_cvl:qwen3_8b   0.003  0.000 0.006  dedup                                                                                                                                                                          
0.02             sel_accuracy   0.003  0.000 0.006  dedup               {'weighted_cvl:comet22': 0.43, 'weighted_cvl:chrf': 0.29, 'weighted_cvl:qwen3_8b': 0.16, 'weighted_cvl:mistral_7b': 0.11, 'weighted_cvl:inv_comet22': 0.01}
0.02                  sel_rho   0.003  0.000 0.006  dedup               {'weighted_cvl:comet22': 0.44, 'weighted_cvl:qwen3_8b': 0.33, 'weighted_cvl:chrf': 0.13, 'weighted_cvl:mistral_7b': 0.09, 'weighted_cvl:inv_comet22': 0.01}
0.02            sel_pilotcost   0.000 -0.001 0.001  dedup                                                                   {'dedup': 0.82, 'weighted_cvl:comet22': 0.09, 'weighted_cvl:qwen3_8b': 0.07, 'weighted_cvl:chrf': 0.02}
