eps                                                                0.01                       0.02
metric              design                                                                        
HES_best_J50        chrf                          -0.002 [-0.112,0.126]      -0.002 [-0.005,0.002]
                    comet22                       -0.055 [-0.146,0.096]      -0.002 [-0.005,0.002]
                    inv_comet22                   -0.002 [-0.096,0.126]      -0.002 [-0.005,0.002]
                    mistral_7b                    -0.036 [-0.140,0.117]      -0.002 [-0.005,0.002]
                    qwen3_8b                      -0.103 [-0.162,0.091]      -0.002 [-0.005,0.002]
HES_best_J80        chrf                          -0.123 [-0.589,0.061]      -0.033 [-0.078,0.025]
                    comet22                       -0.119 [-0.546,0.090]      -0.055 [-0.125,0.006]
                    inv_comet22                   -0.089 [-0.696,0.089]      -0.033 [-0.077,0.025]
                    mistral_7b                    -0.184 [-1.003,0.014]     -0.080 [-0.131,-0.027]
                    qwen3_8b                      -0.158 [-0.675,0.044]     -0.065 [-0.129,-0.005]
HES_uniform_J50     chrf                           0.000 [-0.223,0.000]        0.000 [0.000,0.000]
                    comet22                       -0.191 [-0.261,0.000]        0.000 [0.000,0.000]
                    inv_comet22                     0.000 [0.000,0.000]        0.000 [0.000,0.000]
                    mistral_7b                     0.000 [-0.098,0.000]        0.000 [0.000,0.000]
                    qwen3_8b                       0.000 [-0.132,0.005]        0.000 [0.000,0.000]
HES_uniform_J80     chrf                          -0.005 [-0.145,0.309]       0.000 [-0.021,0.026]
                    comet22                       -0.008 [-0.437,0.289]      -0.020 [-0.081,0.017]
                    inv_comet22                    0.000 [-0.046,0.051]      -0.004 [-0.022,0.000]
                    mistral_7b                   -0.409 [-1.170,-0.040]      -0.011 [-0.072,0.004]
                    qwen3_8b                      -0.132 [-1.026,0.078]     -0.025 [-0.184,-0.000]
J50                 active_cvl:chrf           108.033 [107.368,115.769]  108.033 [107.312,108.722]
                    active_cvl:comet22        121.175 [107.633,128.773]  108.073 [107.330,108.961]
                    active_cvl:inv_comet22    108.067 [107.471,113.920]  108.067 [107.312,108.838]
                    active_cvl:mistral_7b     107.840 [107.172,121.215]  107.840 [106.992,108.515]
                    active_cvl:qwen3_8b       107.793 [107.041,125.379]  107.793 [107.164,108.597]
                    dedup                     107.687 [107.081,124.579]  107.687 [106.928,108.423]
                    sel_accuracy              114.578 [107.305,125.228]  107.900 [107.205,108.679]
                    sel_pilotcost             119.278 [107.434,132.131]  107.867 [107.204,108.674]
                    sel_rho                   122.033 [107.398,136.083]  107.900 [107.205,108.679]
                    uniform                   107.907 [107.313,113.881]  107.907 [107.226,108.567]
                    uniform_cvl:chrf          107.907 [107.321,132.651]  107.907 [107.226,108.567]
                    uniform_cvl:comet22       128.496 [107.471,135.938]  107.907 [107.226,108.567]
                    uniform_cvl:inv_comet22   107.907 [107.313,113.881]  107.907 [107.226,108.567]
                    uniform_cvl:mistral_7b    107.907 [107.313,127.547]  107.907 [107.226,108.567]
                    uniform_cvl:qwen3_8b      107.907 [107.313,126.888]  107.907 [107.226,108.567]
                    weighted                  107.900 [107.220,119.153]  107.900 [107.205,108.679]
                    weighted_cvl:chrf         107.900 [107.220,122.785]  107.900 [107.205,108.679]
                    weighted_cvl:comet22      113.624 [107.671,126.017]  107.900 [107.205,108.679]
                    weighted_cvl:inv_comet22  107.900 [107.220,119.352]  107.900 [107.205,108.679]
                    weighted_cvl:mistral_7b   111.542 [107.345,126.730]  107.900 [107.205,108.679]
                    weighted_cvl:qwen3_8b     118.820 [107.478,126.268]  107.900 [107.205,108.679]
J80                 active_cvl:chrf           344.996 [210.816,481.106]  136.364 [126.343,145.216]
                    active_cvl:comet22        419.513 [246.573,696.523]  139.337 [129.545,149.211]
                    active_cvl:inv_comet22    342.557 [214.471,460.304]  135.665 [125.125,142.990]
                    active_cvl:mistral_7b     438.724 [300.877,879.264]  144.364 [133.018,162.742]
                    active_cvl:qwen3_8b       352.034 [307.556,552.190]  139.834 [132.320,145.446]
                    dedup                     297.903 [209.992,417.899]  132.001 [127.100,143.115]
                    sel_accuracy              343.703 [216.352,574.927]  139.320 [128.654,149.428]
                    sel_pilotcost             343.664 [269.562,621.516]  136.948 [128.762,146.317]
                    sel_rho                   377.764 [306.168,667.093]  143.461 [136.634,158.447]
                    uniform                   332.201 [267.695,702.118]  142.100 [136.064,152.573]
                    uniform_cvl:chrf          333.713 [295.702,647.828]  142.100 [135.444,153.440]
                    uniform_cvl:comet22       334.902 [294.129,641.143]  144.899 [138.720,156.991]
                    uniform_cvl:inv_comet22   332.201 [267.695,606.178]  142.719 [136.495,155.627]
                    uniform_cvl:mistral_7b    468.029 [332.551,767.525]  143.593 [137.899,167.514]
                    uniform_cvl:qwen3_8b      376.031 [302.721,762.475]  145.673 [140.005,170.997]
                    weighted                  322.564 [247.075,646.901]  135.907 [127.374,141.985]
                    weighted_cvl:chrf         334.470 [216.792,582.236]  136.362 [127.705,143.600]
                    weighted_cvl:comet22      333.316 [276.772,551.956]  139.320 [128.701,149.231]
                    weighted_cvl:inv_comet22  324.313 [259.290,705.897]  136.362 [127.698,142.156]
                    weighted_cvl:mistral_7b   352.665 [281.594,720.841]  142.547 [136.948,147.856]
                    weighted_cvl:qwen3_8b     345.088 [279.411,593.235]  140.588 [130.612,149.664]
best_human          dedup                                                                         
inflation_J50       chrf                           0.002 [-0.238,0.105]       0.002 [-0.002,0.005]
                    comet22                       -0.136 [-0.343,0.127]       0.002 [-0.002,0.005]
                    inv_comet22                    0.002 [-0.126,0.096]       0.002 [-0.002,0.005]
                    mistral_7b                     0.036 [-0.133,0.140]       0.002 [-0.002,0.005]
                    qwen3_8b                       0.103 [-0.147,0.162]       0.002 [-0.002,0.005]
inflation_J80       chrf                           0.118 [-0.150,0.596]       0.033 [-0.024,0.075]
                    comet22                        0.111 [-0.158,0.558]       0.036 [-0.070,0.095]
                    inv_comet22                    0.089 [-0.102,0.881]       0.029 [-0.035,0.071]
                    mistral_7b                    -0.225 [-0.919,0.805]       0.069 [-0.036,0.115]
                    qwen3_8b                       0.026 [-0.768,0.555]       0.040 [-0.132,0.095]
max_wrong           ALL                                           0.000                      0.000
pred_corr_logratio  ALL                                          -0.079                     -0.229
save_vs_uniform_J50 dedup                          0.002 [-0.152,0.007]       0.002 [-0.002,0.007]
                    weighted                       0.000 [-0.093,0.024]       0.000 [-0.003,0.005]
save_vs_uniform_J80 dedup                          0.103 [-0.071,0.427]        0.071 [0.017,0.125]
                    weighted                       0.029 [-0.458,0.269]        0.044 [0.002,0.122]
 eps                 selector  regret     lo    hi oracle                                                                                                                                                                      picks
0.01                    dedup   0.000  0.000 0.126  dedup                                                                                                                                                                           
0.01        weighted_cvl:chrf   0.002  0.000 0.112  dedup                                                                                                                                                                           
0.01     weighted_cvl:comet22   0.055  0.000 0.157  dedup                                                                                                                                                                           
0.01 weighted_cvl:inv_comet22   0.002  0.000 0.096  dedup                                                                                                                                                                           
0.01  weighted_cvl:mistral_7b   0.036  0.000 0.140  dedup                                                                                                                                                                           
0.01    weighted_cvl:qwen3_8b   0.103  0.000 0.162  dedup                                                                                                                                                                           
0.01             sel_accuracy   0.064  0.000 0.152  dedup                {'weighted_cvl:comet22': 0.38, 'weighted_cvl:chrf': 0.34, 'weighted_cvl:qwen3_8b': 0.22, 'weighted_cvl:inv_comet22': 0.04, 'weighted_cvl:mistral_7b': 0.03}
0.01                  sel_rho   0.133 -0.006 0.238  dedup                 {'weighted_cvl:comet22': 0.42, 'weighted_cvl:qwen3_8b': 0.36, 'weighted_cvl:chrf': 0.1, 'weighted_cvl:mistral_7b': 0.09, 'weighted_cvl:inv_comet22': 0.03}
0.01            sel_pilotcost   0.108  0.002 0.180  dedup {'dedup': 0.45, 'weighted_cvl:comet22': 0.25, 'weighted_cvl:qwen3_8b': 0.18, 'weighted_cvl:chrf': 0.06, 'weighted_cvl:mistral_7b': 0.04, 'weighted_cvl:inv_comet22': 0.02}
0.02                    dedup   0.000  0.000 0.002  dedup                                                                                                                                                                           
0.02        weighted_cvl:chrf   0.002  0.000 0.005  dedup                                                                                                                                                                           
0.02     weighted_cvl:comet22   0.002  0.000 0.005  dedup                                                                                                                                                                           
0.02 weighted_cvl:inv_comet22   0.002  0.000 0.005  dedup                                                                                                                                                                           
0.02  weighted_cvl:mistral_7b   0.002  0.000 0.005  dedup                                                                                                                                                                           
0.02    weighted_cvl:qwen3_8b   0.002  0.000 0.005  dedup                                                                                                                                                                           
0.02             sel_accuracy   0.002  0.000 0.005  dedup                {'weighted_cvl:comet22': 0.38, 'weighted_cvl:chrf': 0.34, 'weighted_cvl:qwen3_8b': 0.22, 'weighted_cvl:inv_comet22': 0.04, 'weighted_cvl:mistral_7b': 0.03}
0.02                  sel_rho   0.002  0.000 0.005  dedup                 {'weighted_cvl:comet22': 0.42, 'weighted_cvl:qwen3_8b': 0.36, 'weighted_cvl:chrf': 0.1, 'weighted_cvl:mistral_7b': 0.09, 'weighted_cvl:inv_comet22': 0.03}
0.02            sel_pilotcost   0.002 -0.000 0.004  dedup {'dedup': 0.75, 'weighted_cvl:comet22': 0.12, 'weighted_cvl:qwen3_8b': 0.07, 'weighted_cvl:chrf': 0.03, 'weighted_cvl:mistral_7b': 0.02, 'weighted_cvl:inv_comet22': 0.01}
