eps                                                                                      0.01                       0.02
metric              design                                                                                              
HES_best_J50        comet22                                              0.044 [-0.078,0.103]      -0.021 [-0.178,0.004]
                    mistral_7b                                         -0.071 [-0.244,-0.032]     -0.031 [-0.173,-0.008]
                    mtme_BLEURT-20-refA                                 -0.001 [-0.118,0.095]      -0.010 [-0.081,0.118]
                    mtme_COMET-22-refA                                  -0.038 [-0.174,0.016]      -0.030 [-0.173,0.001]
                    mtme_UniTE-ref-refA                                 -0.001 [-0.135,0.047]       0.016 [-0.128,0.065]
                    mtme_UniTE-refA                                      0.006 [-0.077,0.062]       0.021 [-0.142,0.050]
                    mtme_metricx_xl_DA_2019-refA                         0.054 [-0.098,0.103]       0.018 [-0.047,0.121]
                    mtme_metricx_xl_MQM_2020-refA                        0.034 [-0.114,0.082]       0.017 [-0.061,0.086]
                    mtme_metricx_xxl_DA_2019-refA                        0.071 [-0.072,0.121]       0.004 [-0.155,0.097]
                    mtme_metricx_xxl_MQM_2020-refA                       0.029 [-0.119,0.072]       0.001 [-0.123,0.045]
                    qwen3_8b                                            -0.010 [-0.191,0.013]      -0.015 [-0.064,0.006]
HES_best_J80        comet22                                              0.000 [-1.168,0.000]      -0.008 [-0.110,0.070]
                    mistral_7b                                           0.010 [-0.035,0.074]      -0.084 [-0.231,0.008]
                    mtme_BLEURT-20-refA                                  0.005 [-0.727,0.519]       0.014 [-0.072,0.150]
                    mtme_COMET-22-refA                                   0.000 [-1.223,0.126]       0.001 [-0.114,0.120]
                    mtme_UniTE-ref-refA                                  0.000 [-0.413,0.288]       0.028 [-0.060,0.146]
                    mtme_UniTE-refA                                      0.000 [-0.256,0.034]       0.021 [-0.070,0.135]
                    mtme_metricx_xl_DA_2019-refA                         0.005 [-0.299,0.294]      -0.020 [-0.146,0.124]
                    mtme_metricx_xl_MQM_2020-refA                        0.000 [-1.168,0.000]       0.003 [-0.088,0.141]
                    mtme_metricx_xxl_DA_2019-refA                        0.015 [-1.093,0.036]       0.055 [-0.014,0.193]
                    mtme_metricx_xxl_MQM_2020-refA                       0.015 [-1.291,0.038]       0.046 [-0.037,0.188]
                    qwen3_8b                                             0.000 [-1.295,0.000]     -0.091 [-0.229,-0.013]
HES_uniform_J50     comet22                                             -0.045 [-0.146,0.020]      -0.021 [-0.257,0.004]
                    mistral_7b                                         -0.118 [-0.262,-0.046]     -0.021 [-0.249,-0.006]
                    mtme_BLEURT-20-refA                                  0.025 [-0.073,0.092]      -0.009 [-0.250,0.016]
                    mtme_COMET-22-refA                                  -0.031 [-0.103,0.047]      -0.035 [-0.272,0.010]
                    mtme_UniTE-ref-refA                                  0.012 [-0.069,0.083]      -0.010 [-0.233,0.124]
                    mtme_UniTE-refA                                      0.043 [-0.019,0.108]       0.018 [-0.213,0.132]
                    mtme_metricx_xl_DA_2019-refA                         0.033 [-0.060,0.085]       0.002 [-0.237,0.036]
                    mtme_metricx_xl_MQM_2020-refA                        0.049 [-0.052,0.118]      -0.004 [-0.243,0.028]
                    mtme_metricx_xxl_DA_2019-refA                        0.063 [-0.013,0.134]      -0.005 [-0.234,0.043]
                    mtme_metricx_xxl_MQM_2020-refA                      -0.031 [-0.144,0.041]      -0.021 [-0.257,0.009]
                    qwen3_8b                                            -0.060 [-0.157,0.015]     -0.022 [-0.239,-0.004]
HES_uniform_J80     comet22                                              0.015 [-0.212,0.100]      -0.015 [-0.102,0.067]
                    mistral_7b                                          -0.007 [-1.136,0.000]     -0.076 [-0.281,-0.004]
                    mtme_BLEURT-20-refA                                  0.007 [-1.037,0.018]      -0.028 [-0.114,0.057]
                    mtme_COMET-22-refA                                   0.000 [-0.890,0.077]       0.003 [-0.081,0.072]
                    mtme_UniTE-ref-refA                                  0.000 [-0.047,0.292]       0.043 [-0.031,0.116]
                    mtme_UniTE-refA                                      0.000 [-0.005,0.405]       0.034 [-0.025,0.103]
                    mtme_metricx_xl_DA_2019-refA                         0.007 [-1.152,0.284]       0.004 [-0.071,0.089]
                    mtme_metricx_xl_MQM_2020-refA                        0.015 [-1.083,0.053]       0.020 [-0.041,0.155]
                    mtme_metricx_xxl_DA_2019-refA                        0.031 [-0.990,0.203]      -0.007 [-0.087,0.069]
                    mtme_metricx_xxl_MQM_2020-refA                       0.031 [-1.001,0.124]       0.000 [-0.093,0.080]
                    qwen3_8b                                             0.000 [-1.108,0.000]     -0.098 [-0.265,-0.012]
J50                 active_cvl:comet22                              400.389 [354.640,427.514]  241.510 [209.489,251.053]
                    active_cvl:mistral_7b                           423.003 [379.369,450.982]  246.770 [235.520,255.065]
                    active_cvl:mtme_BLEURT-20-refA                  372.308 [335.463,415.343]  242.725 [212.681,252.614]
                    active_cvl:mtme_COMET-22-refA                   382.258 [355.047,421.974]  249.820 [235.348,261.370]
                    active_cvl:mtme_UniTE-ref-refA                  387.250 [345.056,429.138]  230.775 [208.839,247.499]
                    active_cvl:mtme_UniTE-refA                      378.446 [337.426,417.997]  241.565 [209.975,251.147]
                    active_cvl:mtme_metricx_xl_DA_2019-refA         374.751 [353.542,409.932]  243.180 [207.839,252.691]
                    active_cvl:mtme_metricx_xl_MQM_2020-refA        377.982 [342.015,415.448]  233.570 [211.117,247.317]
                    active_cvl:mtme_metricx_xxl_DA_2019-refA        383.811 [338.846,422.914]  233.397 [206.998,248.232]
                    active_cvl:mtme_metricx_xxl_MQM_2020-refA       375.020 [346.558,419.013]  241.726 [210.092,252.206]
                    active_cvl:qwen3_8b                             404.640 [368.856,439.248]  245.309 [219.022,254.863]
                    dedup                                           400.694 [350.767,426.592]  246.642 [203.557,254.128]
                    dedup_cvl:comet22                               403.704 [364.982,429.819]  245.782 [234.411,252.942]
                    dedup_cvl:mistral_7b                            424.954 [386.737,448.557]  250.039 [241.833,258.717]
                    dedup_cvl:mtme_BLEURT-20-refA                   386.336 [356.888,415.640]  244.798 [233.643,252.204]
                    dedup_cvl:mtme_COMET-22-refA                    408.742 [372.235,438.187]  249.721 [237.938,257.961]
                    dedup_cvl:mtme_UniTE-ref-refA                   399.779 [366.937,425.061]  243.751 [220.642,254.120]
                    dedup_cvl:mtme_UniTE-refA                       400.694 [360.721,428.647]  240.411 [207.283,251.440]
                    dedup_cvl:mtme_metricx_xl_DA_2019-refA          371.811 [349.265,405.723]  242.826 [207.371,251.389]
                    dedup_cvl:mtme_metricx_xl_MQM_2020-refA         386.336 [351.150,417.058]  244.509 [205.879,253.337]
                    dedup_cvl:mtme_metricx_xxl_DA_2019-refA         373.234 [347.733,406.013]  245.514 [231.026,256.249]
                    dedup_cvl:mtme_metricx_xxl_MQM_2020-refA        390.193 [348.645,427.534]  249.389 [236.141,257.432]
                    dedup_cvl:qwen3_8b                              406.223 [365.912,438.198]  248.158 [240.322,255.217]
                    dedup_cvr:comet22                               371.934 [340.358,405.483]  195.197 [194.004,239.623]
                    dedup_cvr:mistral_7b                            392.229 [331.874,424.768]  245.064 [195.204,252.018]
                    dedup_cvr:mtme_BLEURT-20-refA                   358.284 [310.992,397.151]  195.197 [193.853,240.288]
                    dedup_cvr:mtme_COMET-22-refA                    381.033 [312.165,410.438]  195.197 [193.774,239.325]
                    dedup_cvr:mtme_UniTE-ref-refA                   381.033 [332.983,411.782]  195.197 [193.898,240.700]
                    dedup_cvr:mtme_UniTE-refA                       383.685 [340.678,412.421]  195.197 [193.898,242.391]
                    dedup_cvr:mtme_metricx_xl_DA_2019-refA          353.229 [312.949,389.666]  195.197 [193.853,214.610]
                    dedup_cvr:mtme_metricx_xl_MQM_2020-refA         363.972 [320.072,396.616]  195.197 [193.774,204.067]
                    dedup_cvr:mtme_metricx_xxl_DA_2019-refA         353.735 [318.569,391.365]  195.197 [193.853,220.727]
                    dedup_cvr:mtme_metricx_xxl_MQM_2020-refA        371.284 [307.886,403.209]  195.197 [193.853,224.081]
                    dedup_cvr:qwen3_8b                              373.159 [338.664,408.602]  239.763 [195.054,246.697]
                    dedup_cvx:comet22                               404.615 [375.952,425.345]  251.922 [244.606,260.677]
                    dedup_cvx:mistral_7b                            417.204 [378.757,445.106]  256.833 [250.572,269.960]
                    dedup_cvx:mtme_BLEURT-20-refA                   388.784 [362.055,420.942]  250.402 [240.785,259.982]
                    dedup_cvx:mtme_COMET-22-refA                    406.759 [379.299,432.716]  252.608 [242.546,260.922]
                    dedup_cvx:mtme_UniTE-ref-refA                   402.472 [373.401,427.931]  250.137 [239.519,264.023]
                    dedup_cvx:mtme_UniTE-refA                       400.226 [368.940,427.107]  247.167 [239.175,255.991]
                    dedup_cvx:mtme_metricx_xl_DA_2019-refA          386.791 [356.748,419.885]  254.660 [241.280,270.205]
                    dedup_cvx:mtme_metricx_xl_MQM_2020-refA         395.428 [363.155,424.295]  257.782 [234.428,275.579]
                    dedup_cvx:mtme_metricx_xxl_DA_2019-refA         389.203 [362.497,416.064]  249.040 [231.758,262.400]
                    dedup_cvx:mtme_metricx_xxl_MQM_2020-refA        415.292 [389.666,433.518]  257.825 [239.256,279.198]
                    dedup_cvx:qwen3_8b                              397.827 [363.292,428.440]  255.573 [247.105,271.848]
                    sel_accuracy                                    384.406 [358.686,429.275]  237.704 [212.254,251.878]
                    sel_pilotcost                                   386.793 [361.121,444.815]  243.945 [225.590,253.439]
                    sel_rho                                         380.198 [356.863,423.969]  245.735 [235.878,253.689]
                    uniform                                         462.671 [405.343,506.025]  261.377 [209.863,271.719]
                    uniform_cvl:comet22                             483.562 [434.542,525.476]  266.954 [214.963,285.650]
                    uniform_cvl:mistral_7b                          517.278 [456.015,560.129]  266.954 [214.126,283.782]
                    uniform_cvl:mtme_BLEURT-20-refA                 450.899 [398.430,519.874]  263.619 [231.982,272.717]
                    uniform_cvl:mtme_COMET-22-refA                  476.977 [419.841,522.796]  270.397 [208.148,285.987]
                    uniform_cvl:mtme_UniTE-ref-refA                 457.221 [409.194,494.860]  263.901 [212.369,284.647]
                    uniform_cvl:mtme_UniTE-refA                     442.853 [400.941,478.591]  256.726 [212.879,274.556]
                    uniform_cvl:mtme_metricx_xl_DA_2019-refA        447.343 [405.501,477.791]  260.826 [215.044,271.750]
                    uniform_cvl:mtme_metricx_xl_MQM_2020-refA       439.935 [401.911,480.936]  262.436 [213.949,274.090]
                    uniform_cvl:mtme_metricx_xxl_DA_2019-refA       433.514 [396.079,468.541]  262.744 [215.709,280.576]
                    uniform_cvl:mtme_metricx_xxl_MQM_2020-refA      476.977 [432.440,528.414]  266.771 [254.925,274.421]
                    uniform_cvl:qwen3_8b                            490.654 [416.238,550.260]  267.073 [214.380,276.082]
                    uniform_cvo:comet22                             438.030 [398.587,467.786]  258.651 [212.445,271.999]
                    uniform_cvo:mistral_7b                          461.172 [404.416,502.638]  260.606 [209.302,270.008]
                    uniform_cvo:mtme_BLEURT-20-refA                 426.828 [387.537,482.232]  254.633 [212.295,263.321]
                    uniform_cvo:mtme_COMET-22-refA                  439.262 [396.716,475.373]  259.175 [209.278,269.662]
                    uniform_cvo:mtme_UniTE-ref-refA                 431.655 [393.965,472.360]  254.633 [207.453,268.323]
                    uniform_cvo:mtme_UniTE-refA                     417.710 [389.529,462.282]  248.775 [211.030,261.603]
                    uniform_cvo:mtme_metricx_xl_DA_2019-refA        413.063 [385.506,450.845]  255.143 [212.135,266.856]
                    uniform_cvo:mtme_metricx_xl_MQM_2020-refA       411.633 [387.175,451.231]  250.587 [210.121,265.366]
                    uniform_cvo:mtme_metricx_xxl_DA_2019-refA       431.257 [400.122,468.296]  243.023 [211.548,262.319]
                    uniform_cvo:mtme_metricx_xxl_MQM_2020-refA      436.568 [399.911,470.462]  253.766 [210.451,264.236]
                    uniform_cvo:qwen3_8b                            437.466 [394.456,498.072]  260.481 [211.529,269.762]
                    uniform_cvr:comet22                             432.907 [398.596,463.500]  203.042 [199.935,252.155]
                    uniform_cvr:mistral_7b                          446.158 [396.088,493.397]  261.042 [204.030,269.238]
                    uniform_cvr:mtme_BLEURT-20-refA                 407.835 [376.533,461.060]  201.110 [199.807,250.278]
                    uniform_cvr:mtme_COMET-22-refA                  428.486 [387.594,470.314]  201.110 [199.807,224.219]
                    uniform_cvr:mtme_UniTE-ref-refA                 432.527 [393.627,474.092]  205.746 [200.198,256.807]
                    uniform_cvr:mtme_UniTE-refA                     431.655 [396.665,474.208]  207.978 [200.228,256.063]
                    uniform_cvr:mtme_metricx_xl_DA_2019-refA        417.710 [385.108,453.556]  201.110 [199.785,211.331]
                    uniform_cvr:mtme_metricx_xl_MQM_2020-refA       423.789 [388.952,459.624]  201.110 [199.807,235.798]
                    uniform_cvr:mtme_metricx_xxl_DA_2019-refA       423.949 [384.568,457.861]  201.110 [199.807,250.607]
                    uniform_cvr:mtme_metricx_xxl_MQM_2020-refA      438.783 [387.912,468.873]  201.110 [199.807,250.066]
                    uniform_cvr:qwen3_8b                            433.171 [391.234,490.435]  215.018 [200.337,264.809]
                    uniform_cvx:comet22                             478.186 [444.238,501.936]  277.287 [265.292,307.597]
                    uniform_cvx:mistral_7b                          486.095 [418.745,545.584]  276.197 [264.385,298.599]
                    uniform_cvx:mtme_BLEURT-20-refA                 460.813 [406.570,537.468]  270.397 [260.221,291.636]
                    uniform_cvx:mtme_COMET-22-refA                  478.422 [435.123,511.688]  270.735 [257.773,281.512]
                    uniform_cvx:mtme_UniTE-ref-refA                 456.302 [416.456,484.102]  268.032 [256.127,280.378]
                    uniform_cvx:mtme_UniTE-refA                     449.512 [410.064,482.951]  266.624 [255.268,278.659]
                    uniform_cvx:mtme_metricx_xl_DA_2019-refA        458.119 [419.405,487.229]  274.863 [260.411,299.768]
                    uniform_cvx:mtme_metricx_xl_MQM_2020-refA       469.378 [430.323,508.023]  278.992 [249.876,298.794]
                    uniform_cvx:mtme_metricx_xxl_DA_2019-refA       459.197 [418.384,488.330]  271.185 [258.711,292.449]
                    uniform_cvx:mtme_metricx_xxl_MQM_2020-refA      474.283 [440.843,510.493]  278.952 [267.588,301.873]
                    uniform_cvx:qwen3_8b                            480.928 [414.532,540.318]  277.753 [265.155,300.820]
                    weighted                                        389.268 [316.859,423.194]  237.851 [207.153,247.019]
                    weighted_cvl:comet22                            371.955 [332.462,417.181]  242.784 [226.906,253.938]
                    weighted_cvl:mistral_7b                         416.884 [363.928,448.987]  245.222 [227.026,252.801]
                    weighted_cvl:mtme_BLEURT-20-refA                389.529 [319.937,423.927]  240.251 [207.074,248.540]
                    weighted_cvl:mtme_COMET-22-refA                 404.118 [366.701,442.317]  245.099 [219.161,256.390]
                    weighted_cvl:mtme_UniTE-ref-refA                389.529 [348.710,424.180]  234.151 [208.706,249.836]
                    weighted_cvl:mtme_UniTE-refA                    386.793 [330.716,424.076]  232.827 [214.879,248.254]
                    weighted_cvl:mtme_metricx_xl_DA_2019-refA       368.078 [341.301,404.397]  233.530 [206.502,248.508]
                    weighted_cvl:mtme_metricx_xl_MQM_2020-refA      375.974 [347.291,411.484]  233.832 [207.358,247.447]
                    weighted_cvl:mtme_metricx_xxl_DA_2019-refA      361.788 [330.321,398.524]  236.831 [208.872,252.482]
                    weighted_cvl:mtme_metricx_xxl_MQM_2020-refA     377.858 [345.063,416.567]  237.516 [208.402,249.056]
                    weighted_cvl:qwen3_8b                           393.290 [358.331,435.560]  241.399 [208.693,249.467]
                    weighted_cvo:comet22                            366.689 [330.412,410.471]  238.865 [208.257,247.348]
                    weighted_cvo:mistral_7b                         382.720 [314.654,420.131]  239.158 [206.941,248.013]
                    weighted_cvo:mtme_BLEURT-20-refA                352.170 [314.642,401.873]  209.908 [203.870,243.628]
                    weighted_cvo:mtme_COMET-22-refA                 358.140 [319.911,397.961]  222.982 [204.619,244.079]
                    weighted_cvo:mtme_UniTE-ref-refA                361.146 [317.209,403.364]  223.648 [205.619,242.947]
                    weighted_cvo:mtme_UniTE-refA                    368.150 [324.662,407.681]  226.779 [206.599,243.455]
                    weighted_cvo:mtme_metricx_xl_DA_2019-refA       355.318 [325.814,394.844]  208.910 [203.947,240.835]
                    weighted_cvo:mtme_metricx_xl_MQM_2020-refA      357.754 [321.716,397.722]  210.323 [204.079,241.796]
                    weighted_cvo:mtme_metricx_xxl_DA_2019-refA      355.521 [318.896,397.928]  210.323 [204.735,240.906]
                    weighted_cvo:mtme_metricx_xxl_MQM_2020-refA     359.988 [325.453,396.537]  220.748 [205.414,241.737]
                    weighted_cvo:qwen3_8b                           378.137 [314.300,419.529]  228.407 [206.803,243.077]
                    weighted_cvr:comet22                            359.095 [328.749,397.447]  206.201 [195.404,238.282]
                    weighted_cvr:mistral_7b                         389.459 [319.304,422.514]  237.616 [205.280,245.990]
                    weighted_cvr:mtme_BLEURT-20-refA                345.758 [309.287,392.249]  205.276 [195.404,238.170]
                    weighted_cvr:mtme_COMET-22-refA                 344.180 [306.653,380.884]  206.958 [195.913,240.768]
                    weighted_cvr:mtme_UniTE-ref-refA                352.170 [306.230,408.667]  207.111 [195.785,244.077]
                    weighted_cvr:mtme_UniTE-refA                    362.708 [314.881,403.249]  209.709 [200.304,244.108]
                    weighted_cvr:mtme_metricx_xl_DA_2019-refA       347.654 [307.938,396.760]  201.137 [195.466,212.196]
                    weighted_cvr:mtme_metricx_xl_MQM_2020-refA      352.170 [309.644,393.923]  200.687 [195.250,215.255]
                    weighted_cvr:mtme_metricx_xxl_DA_2019-refA      344.751 [309.058,388.423]  203.518 [195.521,217.688]
                    weighted_cvr:mtme_metricx_xxl_MQM_2020-refA     354.833 [314.345,395.396]  205.975 [195.470,235.029]
                    weighted_cvr:qwen3_8b                           383.149 [322.605,418.216]  220.450 [201.739,243.967]
                    weighted_cvx:comet22                            378.138 [349.301,420.053]  249.928 [240.094,257.735]
                    weighted_cvx:mistral_7b                         405.942 [355.149,441.336]  250.171 [242.203,258.263]
                    weighted_cvx:mtme_BLEURT-20-refA                374.203 [341.316,415.159]  245.959 [234.184,252.282]
                    weighted_cvx:mtme_COMET-22-refA                 381.847 [346.747,422.531]  246.647 [233.157,255.844]
                    weighted_cvx:mtme_UniTE-ref-refA                396.243 [347.870,432.516]  241.268 [225.318,254.178]
                    weighted_cvx:mtme_UniTE-refA                    391.313 [331.149,422.042]  240.925 [227.779,251.594]
                    weighted_cvx:mtme_metricx_xl_DA_2019-refA       374.203 [346.640,416.347]  246.475 [231.655,257.682]
                    weighted_cvx:mtme_metricx_xl_MQM_2020-refA      372.300 [352.829,407.114]  248.773 [208.304,261.096]
                    weighted_cvx:mtme_metricx_xxl_DA_2019-refA      382.177 [350.042,422.414]  243.834 [227.291,254.755]
                    weighted_cvx:mtme_metricx_xxl_MQM_2020-refA     386.793 [354.354,425.172]  242.863 [227.648,258.257]
                    weighted_cvx:qwen3_8b                           407.583 [373.271,436.279]  247.601 [236.061,255.457]
J80                 active_cvl:comet22                            3513.937 [788.132,3812.950]  466.051 [380.053,582.563]
                    active_cvl:mistral_7b                        3536.465 [1047.662,3818.232]  506.262 [440.905,585.270]
                    active_cvl:mtme_BLEURT-20-refA                3475.645 [788.840,3799.928]  465.129 [367.941,587.902]
                    active_cvl:mtme_COMET-22-refA                 3555.221 [671.653,3830.886]  447.854 [382.863,575.524]
                    active_cvl:mtme_UniTE-ref-refA                3537.585 [760.245,3812.562]  468.679 [388.778,565.748]
                    active_cvl:mtme_UniTE-refA                    3483.616 [758.248,3777.899]  461.617 [379.283,555.702]
                    active_cvl:mtme_metricx_xl_DA_2019-refA       3530.879 [803.146,3809.197]  386.843 [365.154,512.625]
                    active_cvl:mtme_metricx_xl_MQM_2020-refA      3528.658 [699.403,3811.273]  441.592 [373.976,570.020]
                    active_cvl:mtme_metricx_xxl_DA_2019-refA      3512.773 [844.775,3798.973]  436.784 [380.007,472.686]
                    active_cvl:mtme_metricx_xxl_MQM_2020-refA     3558.614 [803.201,3832.535]  461.484 [376.658,533.677]
                    active_cvl:qwen3_8b                           3502.446 [811.665,3799.675]  501.529 [385.125,601.562]
                    dedup                                         3487.765 [745.276,3772.940]  469.198 [379.129,632.305]
                    dedup_cvl:comet22                             3487.765 [778.680,3772.940]  461.641 [371.814,548.227]
                    dedup_cvl:mistral_7b                          3487.765 [780.294,3772.940]  505.679 [449.426,605.584]
                    dedup_cvl:mtme_BLEURT-20-refA                 3469.739 [748.064,3772.940]  456.603 [370.600,561.812]
                    dedup_cvl:mtme_COMET-22-refA                  3487.765 [792.685,3772.940]  458.541 [372.629,570.129]
                    dedup_cvl:mtme_UniTE-ref-refA                 3487.765 [745.858,3772.940]  460.202 [373.489,560.027]
                    dedup_cvl:mtme_UniTE-refA                     3487.765 [713.753,3772.940]  450.790 [372.837,554.905]
                    dedup_cvl:mtme_metricx_xl_DA_2019-refA        3504.866 [763.318,3793.853]  469.198 [368.003,545.223]
                    dedup_cvl:mtme_metricx_xl_MQM_2020-refA       3487.765 [746.746,3772.940]  459.402 [369.217,548.543]
                    dedup_cvl:mtme_metricx_xxl_DA_2019-refA       3487.765 [785.966,3790.099]  443.039 [371.552,524.305]
                    dedup_cvl:mtme_metricx_xxl_MQM_2020-refA      3487.765 [788.257,3772.940]  448.207 [371.205,545.717]
                    dedup_cvl:qwen3_8b                            3504.866 [970.736,3793.853]  512.503 [433.830,637.015]
                    dedup_cvr:comet22                             3487.765 [751.475,3772.940]  441.489 [367.417,535.299]
                    dedup_cvr:mistral_7b                          3487.765 [749.099,3772.940]  453.804 [376.957,540.122]
                    dedup_cvr:mtme_BLEURT-20-refA                 3487.765 [723.495,3786.960]  431.413 [364.809,540.843]
                    dedup_cvr:mtme_COMET-22-refA                  3487.765 [740.334,3772.940]  431.413 [364.075,543.045]
                    dedup_cvr:mtme_UniTE-ref-refA                 3487.765 [734.640,3772.940]  417.019 [366.821,524.240]
                    dedup_cvr:mtme_UniTE-refA                     3487.765 [729.053,3772.940]  419.787 [368.152,522.473]
                    dedup_cvr:mtme_metricx_xl_DA_2019-refA        3487.765 [719.341,3786.960]  421.337 [360.430,551.551]
                    dedup_cvr:mtme_metricx_xl_MQM_2020-refA       3469.739 [736.999,3767.662]  418.818 [361.194,526.307]
                    dedup_cvr:mtme_metricx_xxl_DA_2019-refA       3487.765 [726.244,3786.960]  408.513 [363.184,499.132]
                    dedup_cvr:mtme_metricx_xxl_MQM_2020-refA      3504.866 [752.922,3793.853]  392.229 [360.431,508.604]
                    dedup_cvr:qwen3_8b                            3487.765 [770.580,3772.940]  466.292 [374.910,581.064]
                    dedup_cvx:comet22                             3487.765 [761.417,3772.940]  473.397 [378.731,565.468]
                    dedup_cvx:mistral_7b                          3504.866 [756.962,3793.853]  498.654 [405.852,612.417]
                    dedup_cvx:mtme_BLEURT-20-refA                 3487.765 [724.801,3786.960]  469.198 [372.628,574.838]
                    dedup_cvx:mtme_COMET-22-refA                  3487.765 [729.374,3772.940]  481.793 [373.093,559.767]
                    dedup_cvx:mtme_UniTE-ref-refA                 3487.765 [744.362,3772.940]  448.207 [367.677,587.134]
                    dedup_cvx:mtme_UniTE-refA                     3487.765 [734.765,3772.940]  448.207 [373.534,557.203]
                    dedup_cvx:mtme_metricx_xl_DA_2019-refA        3504.866 [729.228,3793.853]  421.337 [368.728,547.902]
                    dedup_cvx:mtme_metricx_xl_MQM_2020-refA       3469.739 [732.006,3767.662]  481.793 [376.838,553.934]
                    dedup_cvx:mtme_metricx_xxl_DA_2019-refA       3487.765 [725.369,3786.960]  437.011 [369.579,527.594]
                    dedup_cvx:mtme_metricx_xxl_MQM_2020-refA      3504.866 [748.481,3793.853]  445.153 [374.034,529.346]
                    dedup_cvx:qwen3_8b                            3487.765 [759.181,3772.940]  477.213 [428.056,589.144]
                    sel_accuracy                                  3513.381 [837.696,3807.859]  463.388 [383.232,541.915]
                    sel_pilotcost                                 3495.566 [807.681,3790.620]  482.747 [381.479,581.353]
                    sel_rho                                       3476.733 [811.721,3784.126]  452.943 [387.161,532.865]
                    uniform                                       4155.299 [861.915,4634.323]  547.337 [457.570,677.971]
                    uniform_cvl:comet22                           4094.356 [900.020,4591.033]  555.820 [473.372,665.891]
                    uniform_cvl:mistral_7b                        4183.365 [911.840,4652.790]  588.791 [505.959,715.841]
                    uniform_cvl:mtme_BLEURT-20-refA               4125.674 [878.622,4611.754]  562.517 [458.980,659.594]
                    uniform_cvl:mtme_COMET-22-refA                4155.299 [881.103,4622.902]  545.488 [476.918,644.956]
                    uniform_cvl:mtme_UniTE-ref-refA               4155.299 [857.455,4634.323]  523.766 [444.408,660.646]
                    uniform_cvl:mtme_UniTE-refA                   4155.299 [838.387,4634.323]  528.835 [434.351,642.685]
                    uniform_cvl:mtme_metricx_xl_DA_2019-refA      4125.674 [894.200,4619.548]  545.001 [438.695,617.932]
                    uniform_cvl:mtme_metricx_xl_MQM_2020-refA     4094.356 [862.377,4577.063]  536.243 [414.043,609.666]
                    uniform_cvl:mtme_metricx_xxl_DA_2019-refA     4026.026 [911.161,4570.150]  551.371 [474.185,619.878]
                    uniform_cvl:mtme_metricx_xxl_MQM_2020-refA    4026.026 [860.281,4506.319]  547.337 [449.704,669.831]
                    uniform_cvl:qwen3_8b                          4155.299 [975.247,4634.323]  600.954 [510.588,715.285]
                    uniform_cvo:comet22                           4094.356 [859.278,4586.605]  527.777 [415.992,650.142]
                    uniform_cvo:mistral_7b                        4155.299 [864.934,4634.323]  560.015 [469.598,702.090]
                    uniform_cvo:mtme_BLEURT-20-refA               4061.195 [863.935,4569.263]  524.390 [410.128,634.959]
                    uniform_cvo:mtme_COMET-22-refA                4183.365 [848.045,4627.461]  527.125 [421.878,630.718]
                    uniform_cvo:mtme_UniTE-ref-refA               4155.299 [841.346,4621.014]  514.018 [415.690,647.588]
                    uniform_cvo:mtme_UniTE-refA                   4155.299 [841.560,4621.014]  504.634 [413.248,603.125]
                    uniform_cvo:mtme_metricx_xl_DA_2019-refA      4155.299 [834.382,4647.696]  523.073 [405.667,631.587]
                    uniform_cvo:mtme_metricx_xl_MQM_2020-refA     4125.674 [836.422,4594.717]  500.683 [408.279,610.825]
                    uniform_cvo:mtme_metricx_xxl_DA_2019-refA     4125.674 [727.198,4614.974]  524.390 [407.061,630.072]
                    uniform_cvo:mtme_metricx_xxl_MQM_2020-refA    4094.356 [732.200,4591.033]  503.916 [409.333,599.446]
                    uniform_cvo:qwen3_8b                          4183.365 [834.704,4652.790]  555.820 [466.954,669.699]
                    uniform_cvr:comet22                           4094.356 [885.020,4586.605]  527.777 [444.711,677.598]
                    uniform_cvr:mistral_7b                        4125.674 [869.956,4634.323]  536.243 [460.948,668.867]
                    uniform_cvr:mtme_BLEURT-20-refA               4061.195 [834.382,4569.263]  528.341 [426.421,639.314]
                    uniform_cvr:mtme_COMET-22-refA                4155.299 [819.630,4621.014]  518.007 [408.916,626.943]
                    uniform_cvr:mtme_UniTE-ref-refA               4155.299 [821.873,4621.014]  510.843 [413.508,613.322]
                    uniform_cvr:mtme_UniTE-refA                   4155.299 [809.981,4621.014]  504.634 [415.507,595.157]
                    uniform_cvr:mtme_metricx_xl_DA_2019-refA      4155.299 [833.934,4647.696]  510.843 [411.466,597.997]
                    uniform_cvr:mtme_metricx_xl_MQM_2020-refA     4094.356 [812.724,4591.033]  490.654 [408.090,581.720]
                    uniform_cvr:mtme_metricx_xxl_DA_2019-refA     4125.674 [728.361,4614.974]  493.910 [409.003,602.866]
                    uniform_cvr:mtme_metricx_xxl_MQM_2020-refA    4094.356 [717.782,4591.033]  502.377 [411.716,591.409]
                    uniform_cvr:qwen3_8b                          4183.365 [847.397,4652.790]  536.243 [413.837,651.657]
                    uniform_cvx:comet22                           4094.356 [864.657,4586.605]  547.337 [479.390,649.535]
                    uniform_cvx:mistral_7b                        4155.299 [903.689,4634.323]  588.791 [512.118,706.849]
                    uniform_cvx:mtme_BLEURT-20-refA               4061.195 [850.698,4569.263]  536.243 [460.422,640.977]
                    uniform_cvx:mtme_COMET-22-refA                4155.299 [874.857,4621.014]  561.203 [496.918,647.996]
                    uniform_cvx:mtme_UniTE-ref-refA               4155.299 [833.015,4621.014]  536.243 [458.019,645.635]
                    uniform_cvx:mtme_UniTE-refA                   4155.299 [821.858,4621.014]  527.777 [414.310,640.639]
                    uniform_cvx:mtme_metricx_xl_DA_2019-refA      4155.299 [867.603,4647.696]  528.835 [446.452,615.653]
                    uniform_cvx:mtme_metricx_xl_MQM_2020-refA     4094.356 [843.315,4577.877]  545.001 [476.462,618.057]
                    uniform_cvx:mtme_metricx_xxl_DA_2019-refA     4061.195 [753.262,4582.051]  545.488 [444.630,646.409]
                    uniform_cvx:mtme_metricx_xxl_MQM_2020-refA    4061.195 [802.651,4555.545]  546.643 [474.185,673.813]
                    uniform_cvx:qwen3_8b                          4155.299 [893.772,4634.323]  536.243 [491.179,655.496]
                    weighted                                      3530.258 [803.900,3808.363]  467.643 [383.013,581.024]
                    weighted_cvl:comet22                          3530.258 [812.104,3808.363]  471.253 [381.226,552.621]
                    weighted_cvl:mistral_7b                       3495.566 [798.146,3799.512]  507.051 [439.160,590.429]
                    weighted_cvl:mtme_BLEURT-20-refA              3513.381 [764.436,3807.859]  461.043 [375.536,562.740]
                    weighted_cvl:mtme_COMET-22-refA               3530.258 [794.786,3808.363]  467.118 [388.632,546.912]
                    weighted_cvl:mtme_UniTE-ref-refA              3530.258 [784.262,3808.363]  454.361 [380.764,530.099]
                    weighted_cvl:mtme_UniTE-refA                  3530.258 [805.719,3808.363]  457.917 [381.254,532.874]
                    weighted_cvl:mtme_metricx_xl_DA_2019-refA     3513.381 [822.152,3807.859]  476.883 [382.332,554.085]
                    weighted_cvl:mtme_metricx_xl_MQM_2020-refA    3530.258 [815.453,3808.363]  466.285 [380.884,537.654]
                    weighted_cvl:mtme_metricx_xxl_DA_2019-refA    3476.733 [829.222,3784.126]  441.826 [370.773,514.103]
                    weighted_cvl:mtme_metricx_xxl_MQM_2020-refA   3476.733 [801.618,3784.126]  446.193 [380.173,508.731]
                    weighted_cvl:qwen3_8b                         3530.258 [819.861,3808.363]  510.313 [436.405,631.697]
                    weighted_cvo:comet22                          3530.258 [806.369,3808.363]  449.163 [371.634,527.350]
                    weighted_cvo:mistral_7b                       3530.258 [796.637,3808.363]  472.399 [380.900,618.142]
                    weighted_cvo:mtme_BLEURT-20-refA              3495.566 [757.083,3798.382]  456.093 [371.807,541.169]
                    weighted_cvo:mtme_COMET-22-refA               3530.258 [778.829,3808.363]  431.343 [362.546,513.788]
                    weighted_cvo:mtme_UniTE-ref-refA              3530.258 [766.497,3808.363]  441.504 [371.683,497.742]
                    weighted_cvo:mtme_UniTE-refA                  3530.258 [796.004,3808.363]  441.243 [373.200,491.527]
                    weighted_cvo:mtme_metricx_xl_DA_2019-refA     3513.381 [787.382,3807.859]  443.493 [366.367,523.451]
                    weighted_cvo:mtme_metricx_xl_MQM_2020-refA    3513.381 [778.829,3790.620]  438.768 [367.830,498.911]
                    weighted_cvo:mtme_metricx_xxl_DA_2019-refA    3495.566 [773.018,3803.167]  435.303 [363.517,515.476]
                    weighted_cvo:mtme_metricx_xxl_MQM_2020-refA   3476.733 [782.481,3784.126]  426.774 [361.926,514.086]
                    weighted_cvo:qwen3_8b                         3530.258 [791.783,3808.363]  468.859 [393.440,594.719]
                    weighted_cvr:comet22                          3530.258 [791.667,3808.363]  443.966 [373.938,499.205]
                    weighted_cvr:mistral_7b                       3530.258 [803.851,3808.363]  457.917 [381.142,568.597]
                    weighted_cvr:mtme_BLEURT-20-refA              3495.566 [733.766,3798.382]  449.163 [376.373,516.871]
                    weighted_cvr:mtme_COMET-22-refA               3530.258 [794.071,3808.363]  444.543 [371.449,509.697]
                    weighted_cvr:mtme_UniTE-ref-refA              3530.258 [791.783,3808.363]  438.768 [375.141,491.791]
                    weighted_cvr:mtme_UniTE-refA                  3530.258 [796.004,3808.363]  436.293 [372.757,493.681]
                    weighted_cvr:mtme_metricx_xl_DA_2019-refA     3513.381 [771.935,3807.859]  453.618 [361.832,544.815]
                    weighted_cvr:mtme_metricx_xl_MQM_2020-refA    3530.258 [785.956,3808.363]  436.293 [371.320,481.755]
                    weighted_cvr:mtme_metricx_xxl_DA_2019-refA    3495.566 [761.239,3803.167]  421.443 [355.752,492.522]
                    weighted_cvr:mtme_metricx_xxl_MQM_2020-refA   3476.733 [767.161,3784.126]  433.571 [370.253,497.007]
                    weighted_cvr:qwen3_8b                         3530.258 [805.107,3808.363]  456.093 [383.755,562.305]
                    weighted_cvx:comet22                          3530.258 [801.596,3808.363]  465.993 [386.115,544.735]
                    weighted_cvx:mistral_7b                       3513.381 [802.927,3807.859]  507.051 [438.540,599.598]
                    weighted_cvx:mtme_BLEURT-20-refA              3495.566 [766.222,3798.382]  441.826 [374.007,515.110]
                    weighted_cvx:mtme_COMET-22-refA               3530.258 [798.579,3808.363]  465.993 [383.467,547.505]
                    weighted_cvx:mtme_UniTE-ref-refA              3530.258 [805.107,3808.363]  462.757 [408.220,520.658]
                    weighted_cvx:mtme_UniTE-refA                  3530.258 [796.637,3808.363]  454.587 [382.953,518.709]
                    weighted_cvx:mtme_metricx_xl_DA_2019-refA     3513.381 [780.098,3807.859]  442.233 [371.761,504.054]
                    weighted_cvx:mtme_metricx_xl_MQM_2020-refA    3530.258 [798.579,3808.363]  447.431 [383.749,492.803]
                    weighted_cvx:mtme_metricx_xxl_DA_2019-refA    3495.566 [761.239,3803.167]  451.762 [383.948,500.041]
                    weighted_cvx:mtme_metricx_xxl_MQM_2020-refA   3476.733 [803.851,3784.126]  456.093 [393.649,511.942]
                    weighted_cvx:qwen3_8b                         3530.258 [813.117,3808.363]  482.081 [421.892,636.371]
best_human          weighted                                                                                            
inflation_J50       comet22                                             -0.090 [-0.178,0.024]      -0.001 [-0.232,0.101]
                    mistral_7b                                          -0.047 [-0.161,0.100]       0.010 [-0.222,0.134]
                    mtme_BLEURT-20-refA                                  0.026 [-0.104,0.144]       0.002 [-0.262,0.070]
                    mtme_COMET-22-refA                                   0.007 [-0.063,0.147]      -0.004 [-0.236,0.139]
                    mtme_UniTE-ref-refA                                  0.012 [-0.081,0.125]      -0.025 [-0.220,0.164]
                    mtme_UniTE-refA                                      0.036 [-0.044,0.119]      -0.003 [-0.216,0.161]
                    mtme_metricx_xl_DA_2019-refA                        -0.021 [-0.091,0.112]      -0.016 [-0.253,0.065]
                    mtme_metricx_xl_MQM_2020-refA                        0.015 [-0.063,0.139]      -0.021 [-0.258,0.049]
                    mtme_metricx_xxl_DA_2019-refA                       -0.008 [-0.080,0.110]      -0.010 [-0.245,0.055]
                    mtme_metricx_xxl_MQM_2020-refA                      -0.060 [-0.143,0.065]      -0.022 [-0.258,0.040]
                    qwen3_8b                                            -0.050 [-0.127,0.114]      -0.007 [-0.226,0.032]
inflation_J80       comet22                                              0.015 [-0.084,1.141]      -0.008 [-0.109,0.075]
                    mistral_7b                                          -0.017 [-1.136,0.000]       0.009 [-0.170,0.125]
                    mtme_BLEURT-20-refA                                  0.002 [-1.364,0.645]      -0.042 [-0.180,0.060]
                    mtme_COMET-22-refA                                   0.000 [-0.397,1.281]       0.002 [-0.122,0.113]
                    mtme_UniTE-ref-refA                                  0.000 [-0.494,0.543]       0.015 [-0.149,0.142]
                    mtme_UniTE-refA                                      0.000 [-0.056,0.489]       0.013 [-0.122,0.131]
                    mtme_metricx_xl_DA_2019-refA                         0.002 [-1.211,0.347]       0.024 [-0.119,0.193]
                    mtme_metricx_xl_MQM_2020-refA                        0.015 [-0.225,0.485]       0.017 [-0.074,0.146]
                    mtme_metricx_xxl_DA_2019-refA                        0.016 [-0.464,1.177]      -0.063 [-0.204,0.046]
                    mtme_metricx_xxl_MQM_2020-refA                       0.016 [-0.105,0.675]      -0.046 [-0.195,0.053]
                    qwen3_8b                                             0.000 [-0.123,0.771]      -0.007 [-0.143,0.142]
max_wrong           ALL                                                                 0.020                      0.000
pred_corr_logratio  ALL                                                                 0.820                      0.312
save_vs_uniform_J50 dedup                                                 0.134 [0.083,0.191]       0.056 [-0.133,0.081]
                    weighted                                              0.159 [0.076,0.276]       0.090 [-0.109,0.161]
save_vs_uniform_J80 dedup                                                 0.161 [0.035,0.219]        0.143 [0.044,0.213]
                    weighted                                             0.150 [-0.035,0.315]        0.146 [0.022,0.262]
 eps                                    selector  excess_vs_best_fixed    lo    hi                                 best_fixed                                                                                                                                                                                                                                                                                                                                                                                                                                                                                               picks
0.01                                    weighted                 0.071 0.000 0.125 weighted_cvl:mtme_metricx_xxl_DA_2019-refA                                                                                                                                                                                                                                                                                                                                                                                                                                                                                                    
0.01                        weighted_cvl:comet22                 0.026 0.000 0.102 weighted_cvl:mtme_metricx_xxl_DA_2019-refA                                                                                                                                                                                                                                                                                                                                                                                                                                                                                                    
0.01                     weighted_cvl:mistral_7b                 0.142 0.060 0.253 weighted_cvl:mtme_metricx_xxl_DA_2019-refA                                                                                                                                                                                                                                                                                                                                                                                                                                                                                                    
0.01            weighted_cvl:mtme_BLEURT-20-refA                 0.071 0.000 0.136 weighted_cvl:mtme_metricx_xxl_DA_2019-refA                                                                                                                                                                                                                                                                                                                                                                                                                                                                                                    
0.01             weighted_cvl:mtme_COMET-22-refA                 0.109 0.051 0.191 weighted_cvl:mtme_metricx_xxl_DA_2019-refA                                                                                                                                                                                                                                                                                                                                                                                                                                                                                                    
0.01            weighted_cvl:mtme_UniTE-ref-refA                 0.071 0.028 0.143 weighted_cvl:mtme_metricx_xxl_DA_2019-refA                                                                                                                                                                                                                                                                                                                                                                                                                                                                                                    
0.01                weighted_cvl:mtme_UniTE-refA                 0.064 0.001 0.119 weighted_cvl:mtme_metricx_xxl_DA_2019-refA                                                                                                                                                                                                                                                                                                                                                                                                                                                                                                    
0.01   weighted_cvl:mtme_metricx_xl_DA_2019-refA                 0.016 0.000 0.098 weighted_cvl:mtme_metricx_xxl_DA_2019-refA                                                                                                                                                                                                                                                                                                                                                                                                                                                                                                    
0.01  weighted_cvl:mtme_metricx_xl_MQM_2020-refA                 0.036 0.004 0.131 weighted_cvl:mtme_metricx_xxl_DA_2019-refA                                                                                                                                                                                                                                                                                                                                                                                                                                                                                                    
0.01  weighted_cvl:mtme_metricx_xxl_DA_2019-refA                 0.000 0.000 0.084 weighted_cvl:mtme_metricx_xxl_DA_2019-refA                                                                                                                                                                                                                                                                                                                                                                                                                                                                                                    
0.01 weighted_cvl:mtme_metricx_xxl_MQM_2020-refA                 0.041 0.013 0.137 weighted_cvl:mtme_metricx_xxl_DA_2019-refA                                                                                                                                                                                                                                                                                                                                                                                                                                                                                                    
0.01                       weighted_cvl:qwen3_8b                 0.081 0.030 0.191 weighted_cvl:mtme_metricx_xxl_DA_2019-refA                                                                                                                                                                                                                                                                                                                                                                                                                                                                                                    
0.01                                sel_accuracy                 0.058 0.023 0.156 weighted_cvl:mtme_metricx_xxl_DA_2019-refA                                                      {'weighted_cvl:mtme_COMET-22-refA': 0.18, 'weighted_cvl:mtme_metricx_xl_MQM_2020-refA': 0.14, 'weighted_cvl:mtme_BLEURT-20-refA': 0.12, 'weighted_cvl:mtme_UniTE-ref-refA': 0.12, 'weighted_cvl:mtme_UniTE-refA': 0.11, 'weighted_cvl:mtme_metricx_xxl_DA_2019-refA': 0.1, 'weighted_cvl:mtme_metricx_xl_DA_2019-refA': 0.09, 'weighted_cvl:mtme_metricx_xxl_MQM_2020-refA': 0.08, 'weighted_cvl:comet22': 0.06, 'weighted_cvl:qwen3_8b': 0.0}
0.01                                     sel_rho                 0.047 0.015 0.158 weighted_cvl:mtme_metricx_xxl_DA_2019-refA                    {'weighted_cvl:mtme_metricx_xxl_MQM_2020-refA': 0.22, 'weighted_cvl:mtme_metricx_xl_MQM_2020-refA': 0.18, 'weighted_cvl:mtme_metricx_xl_DA_2019-refA': 0.16, 'weighted_cvl:mtme_COMET-22-refA': 0.15, 'weighted_cvl:mtme_metricx_xxl_DA_2019-refA': 0.1, 'weighted_cvl:mtme_BLEURT-20-refA': 0.06, 'weighted_cvl:comet22': 0.05, 'weighted_cvl:mtme_UniTE-refA': 0.04, 'weighted_cvl:mtme_UniTE-ref-refA': 0.02, 'weighted_cvl:qwen3_8b': 0.02, 'weighted_cvl:mistral_7b': 0.01}
0.01                               sel_pilotcost                 0.064 0.034 0.165 weighted_cvl:mtme_metricx_xxl_DA_2019-refA {'weighted_cvl:mtme_metricx_xl_MQM_2020-refA': 0.19, 'weighted': 0.18, 'weighted_cvl:mtme_metricx_xxl_MQM_2020-refA': 0.14, 'weighted_cvl:mtme_COMET-22-refA': 0.13, 'weighted_cvl:mtme_metricx_xxl_DA_2019-refA': 0.11, 'weighted_cvl:mtme_metricx_xl_DA_2019-refA': 0.09, 'weighted_cvl:mtme_BLEURT-20-refA': 0.05, 'weighted_cvl:mtme_UniTE-refA': 0.04, 'weighted_cvl:comet22': 0.03, 'weighted_cvl:mtme_UniTE-ref-refA': 0.03, 'weighted_cvl:mistral_7b': 0.01, 'weighted_cvl:qwen3_8b': 0.01}
0.02                                    weighted                 0.021 0.000 0.126               weighted_cvl:mtme_UniTE-refA                                                                                                                                                                                                                                                                                                                                                                                                                                                                                                    
0.02                        weighted_cvl:comet22                 0.042 0.020 0.183               weighted_cvl:mtme_UniTE-refA                                                                                                                                                                                                                                                                                                                                                                                                                                                                                                    
0.02                     weighted_cvl:mistral_7b                 0.052 0.019 0.178               weighted_cvl:mtme_UniTE-refA                                                                                                                                                                                                                                                                                                                                                                                                                                                                                                    
0.02            weighted_cvl:mtme_BLEURT-20-refA                 0.031 0.000 0.138               weighted_cvl:mtme_UniTE-refA                                                                                                                                                                                                                                                                                                                                                                                                                                                                                                    
0.02             weighted_cvl:mtme_COMET-22-refA                 0.052 0.016 0.182               weighted_cvl:mtme_UniTE-refA                                                                                                                                                                                                                                                                                                                                                                                                                                                                                                    
0.02            weighted_cvl:mtme_UniTE-ref-refA                 0.006 0.000 0.133               weighted_cvl:mtme_UniTE-refA                                                                                                                                                                                                                                                                                                                                                                                                                                                                                                    
0.02                weighted_cvl:mtme_UniTE-refA                 0.000 0.000 0.145               weighted_cvl:mtme_UniTE-refA                                                                                                                                                                                                                                                                                                                                                                                                                                                                                                    
0.02   weighted_cvl:mtme_metricx_xl_DA_2019-refA                 0.003 0.000 0.079               weighted_cvl:mtme_UniTE-refA                                                                                                                                                                                                                                                                                                                                                                                                                                                                                                    
0.02  weighted_cvl:mtme_metricx_xl_MQM_2020-refA                 0.004 0.000 0.130               weighted_cvl:mtme_UniTE-refA                                                                                                                                                                                                                                                                                                                                                                                                                                                                                                    
0.02  weighted_cvl:mtme_metricx_xxl_DA_2019-refA                 0.017 0.000 0.162               weighted_cvl:mtme_UniTE-refA                                                                                                                                                                                                                                                                                                                                                                                                                                                                                                    
0.02 weighted_cvl:mtme_metricx_xxl_MQM_2020-refA                 0.020 0.000 0.149               weighted_cvl:mtme_UniTE-refA                                                                                                                                                                                                                                                                                                                                                                                                                                                                                                    
0.02                       weighted_cvl:qwen3_8b                 0.036 0.006 0.144               weighted_cvl:mtme_UniTE-refA                                                                                                                                                                                                                                                                                                                                                                                                                                                                                                    
0.02                                sel_accuracy                 0.021 0.007 0.154               weighted_cvl:mtme_UniTE-refA                                                      {'weighted_cvl:mtme_COMET-22-refA': 0.18, 'weighted_cvl:mtme_metricx_xl_MQM_2020-refA': 0.14, 'weighted_cvl:mtme_BLEURT-20-refA': 0.12, 'weighted_cvl:mtme_UniTE-ref-refA': 0.12, 'weighted_cvl:mtme_UniTE-refA': 0.11, 'weighted_cvl:mtme_metricx_xxl_DA_2019-refA': 0.1, 'weighted_cvl:mtme_metricx_xl_DA_2019-refA': 0.09, 'weighted_cvl:mtme_metricx_xxl_MQM_2020-refA': 0.08, 'weighted_cvl:comet22': 0.06, 'weighted_cvl:qwen3_8b': 0.0}
0.02                                     sel_rho                 0.054 0.026 0.187               weighted_cvl:mtme_UniTE-refA                    {'weighted_cvl:mtme_metricx_xxl_MQM_2020-refA': 0.22, 'weighted_cvl:mtme_metricx_xl_MQM_2020-refA': 0.18, 'weighted_cvl:mtme_metricx_xl_DA_2019-refA': 0.16, 'weighted_cvl:mtme_COMET-22-refA': 0.15, 'weighted_cvl:mtme_metricx_xxl_DA_2019-refA': 0.1, 'weighted_cvl:mtme_BLEURT-20-refA': 0.06, 'weighted_cvl:comet22': 0.05, 'weighted_cvl:mtme_UniTE-refA': 0.04, 'weighted_cvl:mtme_UniTE-ref-refA': 0.02, 'weighted_cvl:qwen3_8b': 0.02, 'weighted_cvl:mistral_7b': 0.01}
0.02                               sel_pilotcost                 0.047 0.019 0.186               weighted_cvl:mtme_UniTE-refA   {'weighted': 0.4, 'weighted_cvl:mtme_metricx_xl_MQM_2020-refA': 0.15, 'weighted_cvl:mtme_metricx_xxl_MQM_2020-refA': 0.1, 'weighted_cvl:mtme_COMET-22-refA': 0.09, 'weighted_cvl:mtme_metricx_xxl_DA_2019-refA': 0.08, 'weighted_cvl:mtme_metricx_xl_DA_2019-refA': 0.07, 'weighted_cvl:mtme_BLEURT-20-refA': 0.03, 'weighted_cvl:comet22': 0.03, 'weighted_cvl:mtme_UniTE-ref-refA': 0.03, 'weighted_cvl:mtme_UniTE-refA': 0.02, 'weighted_cvl:mistral_7b': 0.01, 'weighted_cvl:qwen3_8b': 0.01}
