eps                                                                0.01                       0.02
metric              design                                                                        
HES_best_J50        chrf                          -0.000 [-0.005,0.003]      -0.000 [-0.003,0.003]
                    comet22                       -0.000 [-0.005,0.003]      -0.000 [-0.003,0.003]
                    inv_comet22                   -0.000 [-0.005,0.003]      -0.000 [-0.003,0.003]
                    mistral_7b                    -0.000 [-0.005,0.003]      -0.000 [-0.003,0.003]
                    qwen3_8b                      -0.000 [-0.005,0.003]      -0.000 [-0.003,0.003]
HES_best_J80        chrf                          -0.022 [-0.079,0.015]      -0.000 [-0.004,0.037]
                    comet22                       -0.028 [-0.084,0.011]      -0.000 [-0.003,0.037]
                    inv_comet22                   -0.012 [-0.055,0.034]      -0.000 [-0.003,0.037]
                    mistral_7b                    -0.026 [-0.073,0.024]      -0.000 [-0.003,0.037]
                    qwen3_8b                     -0.036 [-0.095,-0.002]      -0.000 [-0.014,0.037]
HES_uniform_J50     chrf                            0.000 [0.000,0.000]        0.000 [0.000,0.000]
                    comet22                         0.000 [0.000,0.000]        0.000 [0.000,0.000]
                    inv_comet22                     0.000 [0.000,0.000]        0.000 [0.000,0.000]
                    mistral_7b                      0.000 [0.000,0.000]        0.000 [0.000,0.000]
                    qwen3_8b                        0.000 [0.000,0.000]        0.000 [0.000,0.000]
HES_uniform_J80     chrf                           0.000 [-0.033,0.033]       0.000 [-0.079,0.029]
                    comet22                        0.009 [-0.026,0.044]      -0.055 [-0.114,0.000]
                    inv_comet22                   -0.004 [-0.016,0.000]        0.000 [0.000,0.000]
                    mistral_7b                    -0.001 [-0.029,0.025]      -0.023 [-0.082,0.013]
                    qwen3_8b                      -0.010 [-0.065,0.012]      -0.057 [-0.140,0.000]
J50                 active_cvl:chrf           112.570 [111.733,113.209]  112.570 [111.876,113.270]
                    active_cvl:comet22        112.730 [111.937,113.390]  112.730 [111.980,113.515]
                    active_cvl:inv_comet22    112.623 [111.687,113.309]  112.623 [111.905,113.432]
                    active_cvl:mistral_7b     112.357 [111.674,113.026]  112.357 [111.626,113.143]
                    active_cvl:qwen3_8b       112.497 [111.792,113.126]  112.497 [111.682,113.224]
                    dedup                     112.550 [111.781,113.176]  112.550 [111.654,113.255]
                    sel_accuracy              112.603 [111.826,113.185]  112.603 [111.786,113.404]
                    sel_pilotcost             112.497 [111.718,113.139]  112.417 [111.680,113.142]
                    sel_rho                   112.603 [111.826,113.185]  112.603 [111.786,113.404]
                    uniform                   112.823 [112.135,113.447]  112.823 [112.164,113.456]
                    uniform_cvl:chrf          112.823 [112.135,113.447]  112.823 [112.164,113.456]
                    uniform_cvl:comet22       112.823 [112.135,113.447]  112.823 [112.164,113.456]
                    uniform_cvl:inv_comet22   112.823 [112.135,113.447]  112.823 [112.164,113.456]
                    uniform_cvl:mistral_7b    112.823 [112.135,113.447]  112.823 [112.164,113.456]
                    uniform_cvl:qwen3_8b      112.823 [112.135,113.447]  112.823 [112.164,113.456]
                    weighted                  112.603 [111.826,113.185]  112.603 [111.786,113.404]
                    weighted_cvl:chrf         112.603 [111.826,113.185]  112.603 [111.786,113.404]
                    weighted_cvl:comet22      112.603 [111.826,113.185]  112.603 [111.786,113.404]
                    weighted_cvl:inv_comet22  112.603 [111.826,113.185]  112.603 [111.786,113.404]
                    weighted_cvl:mistral_7b   112.603 [111.826,113.185]  112.603 [111.786,113.404]
                    weighted_cvl:qwen3_8b     112.603 [111.826,113.185]  112.603 [111.786,113.404]
J80                 active_cvl:chrf           144.233 [134.130,151.462]  112.570 [111.876,116.587]
                    active_cvl:comet22        141.623 [130.962,150.215]  112.730 [111.980,117.433]
                    active_cvl:inv_comet22    140.238 [131.443,145.890]  112.623 [111.905,113.448]
                    active_cvl:mistral_7b     143.287 [132.430,148.947]  112.357 [111.626,113.317]
                    active_cvl:qwen3_8b       148.620 [140.669,158.844]  112.497 [111.682,114.070]
                    dedup                     139.549 [132.049,144.463]  112.550 [111.654,116.929]
                    sel_accuracy              143.873 [136.803,149.549]  112.603 [111.786,113.404]
                    sel_pilotcost             145.253 [134.760,152.769]  112.417 [111.680,117.027]
                    sel_rho                   145.191 [137.410,151.064]  112.603 [111.786,118.024]
                    uniform                   147.735 [139.080,154.888]  112.823 [112.164,121.993]
                    uniform_cvl:chrf          147.735 [135.200,155.882]  112.823 [112.180,122.158]
                    uniform_cvl:comet22       146.397 [138.363,153.401]  119.005 [112.489,125.319]
                    uniform_cvl:inv_comet22   148.255 [139.220,157.062]  112.823 [112.164,121.993]
                    uniform_cvl:mistral_7b    147.861 [141.994,154.361]  115.399 [112.180,124.001]
                    uniform_cvl:qwen3_8b      149.234 [142.124,158.777]  119.262 [112.330,128.827]
                    weighted                  141.226 [132.333,145.650]  112.603 [111.786,113.404]
                    weighted_cvl:chrf         142.641 [134.065,147.550]  112.603 [111.786,113.431]
                    weighted_cvl:comet22      143.444 [136.987,148.166]  112.603 [111.786,113.404]
                    weighted_cvl:inv_comet22  141.226 [132.482,145.650]  112.603 [111.786,113.404]
                    weighted_cvl:mistral_7b   143.122 [134.292,147.089]  112.603 [111.786,113.404]
                    weighted_cvl:qwen3_8b     144.596 [138.658,148.538]  112.603 [111.859,115.551]
best_human          dedup                                                                         
inflation_J50       chrf                           0.000 [-0.003,0.005]       0.000 [-0.003,0.003]
                    comet22                        0.000 [-0.003,0.005]       0.000 [-0.003,0.003]
                    inv_comet22                    0.000 [-0.003,0.005]       0.000 [-0.003,0.003]
                    mistral_7b                     0.000 [-0.003,0.005]       0.000 [-0.003,0.003]
                    qwen3_8b                       0.000 [-0.003,0.005]       0.000 [-0.003,0.003]
inflation_J80       chrf                           0.022 [-0.039,0.084]       0.000 [-0.081,0.021]
                    comet22                        0.037 [-0.020,0.105]      -0.054 [-0.114,0.002]
                    inv_comet22                    0.008 [-0.040,0.055]       0.000 [-0.037,0.003]
                    mistral_7b                     0.025 [-0.036,0.083]      -0.022 [-0.081,0.003]
                    qwen3_8b                       0.026 [-0.030,0.083]      -0.057 [-0.142,0.004]
max_wrong           ALL                                           0.010                      0.000
pred_corr_logratio  ALL                                           0.748                      0.755
save_vs_uniform_J50 dedup                          0.002 [-0.001,0.005]       0.002 [-0.001,0.006]
                    weighted                       0.002 [-0.003,0.006]       0.002 [-0.002,0.007]
save_vs_uniform_J80 dedup                           0.055 [0.007,0.107]       0.002 [-0.007,0.051]
                    weighted                       0.044 [-0.004,0.099]       0.002 [-0.001,0.080]
 eps                 selector  regret     lo    hi oracle                                                                                                                                                                      picks
0.01                    dedup   0.000  0.000 0.003  dedup                                                                                                                                                                           
0.01        weighted_cvl:chrf   0.000  0.000 0.005  dedup                                                                                                                                                                           
0.01     weighted_cvl:comet22   0.000  0.000 0.005  dedup                                                                                                                                                                           
0.01 weighted_cvl:inv_comet22   0.000  0.000 0.005  dedup                                                                                                                                                                           
0.01  weighted_cvl:mistral_7b   0.000  0.000 0.005  dedup                                                                                                                                                                           
0.01    weighted_cvl:qwen3_8b   0.000  0.000 0.005  dedup                                                                                                                                                                           
0.01             sel_accuracy   0.000  0.000 0.005  dedup                {'weighted_cvl:comet22': 0.61, 'weighted_cvl:chrf': 0.19, 'weighted_cvl:qwen3_8b': 0.15, 'weighted_cvl:inv_comet22': 0.03, 'weighted_cvl:mistral_7b': 0.02}
0.01                  sel_rho   0.000  0.000 0.005  dedup                 {'weighted_cvl:comet22': 0.59, 'weighted_cvl:qwen3_8b': 0.18, 'weighted_cvl:mistral_7b': 0.11, 'weighted_cvl:chrf': 0.1, 'weighted_cvl:inv_comet22': 0.01}
0.01            sel_pilotcost  -0.000 -0.002 0.002  dedup  {'dedup': 0.51, 'weighted_cvl:comet22': 0.27, 'weighted_cvl:qwen3_8b': 0.1, 'weighted_cvl:chrf': 0.07, 'weighted_cvl:mistral_7b': 0.04, 'weighted_cvl:inv_comet22': 0.01}
0.02                    dedup   0.000  0.000 0.003  dedup                                                                                                                                                                           
0.02        weighted_cvl:chrf   0.000  0.000 0.003  dedup                                                                                                                                                                           
0.02     weighted_cvl:comet22   0.000  0.000 0.003  dedup                                                                                                                                                                           
0.02 weighted_cvl:inv_comet22   0.000  0.000 0.003  dedup                                                                                                                                                                           
0.02  weighted_cvl:mistral_7b   0.000  0.000 0.003  dedup                                                                                                                                                                           
0.02    weighted_cvl:qwen3_8b   0.000  0.000 0.003  dedup                                                                                                                                                                           
0.02             sel_accuracy   0.000  0.000 0.003  dedup                {'weighted_cvl:comet22': 0.61, 'weighted_cvl:chrf': 0.19, 'weighted_cvl:qwen3_8b': 0.15, 'weighted_cvl:inv_comet22': 0.03, 'weighted_cvl:mistral_7b': 0.02}
0.02                  sel_rho   0.000  0.000 0.003  dedup                 {'weighted_cvl:comet22': 0.59, 'weighted_cvl:qwen3_8b': 0.18, 'weighted_cvl:mistral_7b': 0.11, 'weighted_cvl:chrf': 0.1, 'weighted_cvl:inv_comet22': 0.01}
0.02            sel_pilotcost  -0.001 -0.002 0.002  dedup {'dedup': 0.81, 'weighted_cvl:comet22': 0.13, 'weighted_cvl:chrf': 0.02, 'weighted_cvl:qwen3_8b': 0.02, 'weighted_cvl:inv_comet22': 0.01, 'weighted_cvl:mistral_7b': 0.01}
