eps                                                                0.01                       0.02
metric              design                                                                        
HES_best_J50        chrf                          -0.002 [-0.180,0.065]      -0.002 [-0.005,0.001]
                    comet22                       -0.178 [-0.296,0.001]      -0.002 [-0.005,0.001]
                    inv_comet22                   -0.002 [-0.143,0.002]      -0.002 [-0.005,0.001]
                    mistral_7b                    -0.002 [-0.411,0.065]      -0.002 [-0.005,0.001]
                    qwen3_8b                      -0.002 [-0.285,0.001]      -0.002 [-0.005,0.001]
HES_best_J80        chrf                          -0.449 [-0.708,0.036]      -0.083 [-0.228,0.104]
                    comet22                       -0.441 [-0.629,0.090]      -0.205 [-0.297,0.007]
                    inv_comet22                   -0.453 [-0.666,0.010]      -0.151 [-0.260,0.055]
                    mistral_7b                   -0.459 [-0.788,-0.028]     -0.228 [-0.318,-0.030]
                    qwen3_8b                      -0.550 [-0.741,0.028]      -0.178 [-0.267,0.034]
HES_uniform_J50     chrf                          -0.142 [-0.393,0.008]        0.000 [0.000,0.000]
                    comet22                       -0.153 [-0.325,0.040]        0.000 [0.000,0.000]
                    inv_comet22                    0.000 [-0.014,0.000]        0.000 [0.000,0.000]
                    mistral_7b                     0.000 [-0.122,0.106]        0.000 [0.000,0.000]
                    qwen3_8b                       0.000 [-0.198,0.026]        0.000 [0.000,0.000]
HES_uniform_J80     chrf                          -0.026 [-0.092,0.192]      -0.029 [-0.080,0.051]
                    comet22                       -0.087 [-0.328,0.086]     -0.098 [-0.271,-0.027]
                    inv_comet22                   -0.008 [-0.059,0.000]      -0.005 [-0.019,0.000]
                    mistral_7b                    -0.097 [-0.273,0.035]      -0.072 [-0.248,0.021]
                    qwen3_8b                      -0.101 [-0.359,0.024]      -0.063 [-0.197,0.007]
J50                 active_cvl:chrf           127.588 [108.920,145.961]  109.530 [108.761,110.293]
                    active_cvl:comet22        123.683 [109.442,133.703]  109.870 [109.099,110.669]
                    active_cvl:inv_comet22    109.857 [109.209,128.689]  109.857 [109.190,110.576]
                    active_cvl:mistral_7b     109.523 [108.813,127.831]  109.523 [108.840,110.240]
                    active_cvl:qwen3_8b       109.843 [109.330,142.618]  109.843 [109.025,110.507]
                    dedup                     109.543 [108.941,124.866]  109.543 [108.748,110.341]
                    sel_accuracy              130.276 [109.103,166.681]  109.723 [108.859,110.344]
                    sel_pilotcost             109.643 [108.931,145.245]  109.383 [108.516,110.148]
                    sel_rho                   132.023 [109.103,143.390]  109.723 [108.859,110.344]
                    uniform                   109.770 [109.097,126.418]  109.770 [109.002,110.441]
                    uniform_cvl:chrf          125.412 [109.245,155.964]  109.770 [109.002,110.441]
                    uniform_cvl:comet22       126.543 [109.261,148.734]  109.770 [109.002,110.441]
                    uniform_cvl:inv_comet22   109.770 [109.097,127.338]  109.770 [109.002,110.441]
                    uniform_cvl:mistral_7b    109.770 [109.097,132.771]  109.770 [109.002,110.441]
                    uniform_cvl:qwen3_8b      109.770 [109.156,134.518]  109.770 [109.002,110.441]
                    weighted                  109.723 [109.030,127.355]  109.723 [108.859,110.344]
                    weighted_cvl:chrf         109.723 [109.035,129.647]  109.723 [108.859,110.344]
                    weighted_cvl:comet22      129.028 [109.103,141.843]  109.723 [108.859,110.344]
                    weighted_cvl:inv_comet22  109.723 [109.030,132.347]  109.723 [108.859,110.344]
                    weighted_cvl:mistral_7b   109.723 [109.030,159.430]  109.723 [108.859,110.344]
                    weighted_cvl:qwen3_8b     109.723 [109.035,142.550]  109.723 [108.859,110.344]
J80                 active_cvl:chrf           517.371 [350.604,808.474]  164.590 [130.825,182.383]
                    active_cvl:comet22        509.802 [344.920,627.831]  166.000 [143.502,197.204]
                    active_cvl:inv_comet22    437.038 [348.730,705.113]  164.730 [138.804,189.766]
                    active_cvl:mistral_7b     615.128 [356.182,798.977]  186.198 [146.229,224.220]
                    active_cvl:qwen3_8b       452.059 [355.367,644.319]  149.397 [133.100,185.984]
                    dedup                     342.750 [283.921,694.735]  151.752 [139.902,161.437]
                    sel_accuracy              460.187 [341.204,633.501]  173.042 [142.543,190.373]
                    sel_pilotcost             419.927 [339.162,685.568]  158.972 [145.506,174.438]
                    sel_rho                   507.764 [332.992,742.007]  180.168 [148.741,192.335]
                    uniform                   393.675 [336.587,640.781]  161.150 [145.098,179.865]
                    uniform_cvl:chrf          403.932 [337.940,554.132]  165.868 [145.699,186.519]
                    uniform_cvl:comet22       428.040 [357.344,724.922]  176.862 [162.196,202.135]
                    uniform_cvl:inv_comet22   396.989 [336.587,645.007]  161.980 [145.489,180.700]
                    uniform_cvl:mistral_7b    432.011 [349.482,749.080]  172.763 [145.878,207.873]
                    uniform_cvl:qwen3_8b      433.441 [343.802,733.660]  171.312 [146.522,193.862]
                    weighted                  498.134 [337.980,705.559]  174.698 [136.202,190.993]
                    weighted_cvl:chrf         496.508 [333.923,694.286]  164.350 [131.316,187.022]
                    weighted_cvl:comet22      494.007 [336.867,631.265]  182.830 [144.590,196.414]
                    weighted_cvl:inv_comet22  498.134 [337.980,705.559]  174.698 [136.202,190.993]
                    weighted_cvl:mistral_7b   500.121 [346.207,739.053]  186.324 [148.778,198.209]
                    weighted_cvl:qwen3_8b     531.347 [332.760,727.781]  178.837 [144.504,192.917]
best_human          dedup                                                                         
inflation_J50       chrf                          -0.141 [-0.394,0.109]       0.002 [-0.001,0.005]
                    comet22                        0.025 [-0.283,0.274]       0.002 [-0.001,0.005]
                    inv_comet22                    0.002 [-0.019,0.142]       0.002 [-0.001,0.005]
                    mistral_7b                     0.002 [-0.175,0.374]       0.002 [-0.001,0.005]
                    qwen3_8b                       0.002 [-0.176,0.278]       0.002 [-0.001,0.005]
inflation_J80       chrf                           0.423 [-0.047,0.655]       0.054 [-0.141,0.201]
                    comet22                        0.354 [-0.256,0.572]       0.107 [-0.211,0.228]
                    inv_comet22                    0.445 [-0.064,0.651]       0.146 [-0.055,0.254]
                    mistral_7b                     0.362 [-0.187,0.655]       0.156 [-0.053,0.303]
                    qwen3_8b                       0.449 [-0.299,0.607]       0.115 [-0.102,0.214]
max_wrong           ALL                                           0.000                      0.000
pred_corr_logratio  ALL                                          -0.126                      0.084
save_vs_uniform_J50 dedup                          0.002 [-0.009,0.126]       0.002 [-0.001,0.005]
                    weighted                       0.000 [-0.130,0.114]       0.000 [-0.003,0.005]
save_vs_uniform_J80 dedup                          0.129 [-0.142,0.275]       0.058 [-0.022,0.146]
                    weighted                      -0.265 [-0.501,0.133]      -0.084 [-0.208,0.104]
 eps                 selector  regret     lo    hi oracle                                                                                                                                                                      picks
0.01                    dedup   0.000  0.000 0.065  dedup                                                                                                                                                                           
0.01        weighted_cvl:chrf   0.002  0.000 0.180  dedup                                                                                                                                                                           
0.01     weighted_cvl:comet22   0.178  0.000 0.297  dedup                                                                                                                                                                           
0.01 weighted_cvl:inv_comet22   0.002  0.000 0.151  dedup                                                                                                                                                                           
0.01  weighted_cvl:mistral_7b   0.002  0.000 0.411  dedup                                                                                                                                                                           
0.01    weighted_cvl:qwen3_8b   0.002  0.000 0.285  dedup                                                                                                                                                                           
0.01             sel_accuracy   0.189  0.000 0.474  dedup                {'weighted_cvl:comet22': 0.42, 'weighted_cvl:chrf': 0.32, 'weighted_cvl:qwen3_8b': 0.17, 'weighted_cvl:mistral_7b': 0.07, 'weighted_cvl:inv_comet22': 0.02}
0.01                  sel_rho   0.205  0.000 0.295  dedup                 {'weighted_cvl:comet22': 0.54, 'weighted_cvl:qwen3_8b': 0.3, 'weighted_cvl:chrf': 0.09, 'weighted_cvl:mistral_7b': 0.05, 'weighted_cvl:inv_comet22': 0.01}
0.01            sel_pilotcost   0.001 -0.001 0.288  dedup  {'dedup': 0.4, 'weighted_cvl:comet22': 0.32, 'weighted_cvl:qwen3_8b': 0.17, 'weighted_cvl:chrf': 0.06, 'weighted_cvl:mistral_7b': 0.04, 'weighted_cvl:inv_comet22': 0.02}
0.02                    dedup   0.000  0.000 0.001  dedup                                                                                                                                                                           
0.02        weighted_cvl:chrf   0.002  0.000 0.005  dedup                                                                                                                                                                           
0.02     weighted_cvl:comet22   0.002  0.000 0.005  dedup                                                                                                                                                                           
0.02 weighted_cvl:inv_comet22   0.002  0.000 0.005  dedup                                                                                                                                                                           
0.02  weighted_cvl:mistral_7b   0.002  0.000 0.005  dedup                                                                                                                                                                           
0.02    weighted_cvl:qwen3_8b   0.002  0.000 0.005  dedup                                                                                                                                                                           
0.02             sel_accuracy   0.002  0.000 0.005  dedup                {'weighted_cvl:comet22': 0.42, 'weighted_cvl:chrf': 0.32, 'weighted_cvl:qwen3_8b': 0.17, 'weighted_cvl:mistral_7b': 0.07, 'weighted_cvl:inv_comet22': 0.02}
0.02                  sel_rho   0.002  0.000 0.005  dedup                 {'weighted_cvl:comet22': 0.54, 'weighted_cvl:qwen3_8b': 0.3, 'weighted_cvl:chrf': 0.09, 'weighted_cvl:mistral_7b': 0.05, 'weighted_cvl:inv_comet22': 0.01}
0.02            sel_pilotcost  -0.001 -0.003 0.001  dedup {'dedup': 0.71, 'weighted_cvl:comet22': 0.16, 'weighted_cvl:qwen3_8b': 0.08, 'weighted_cvl:chrf': 0.02, 'weighted_cvl:mistral_7b': 0.01, 'weighted_cvl:inv_comet22': 0.01}
