eps                                                           0.01                       0.02
metric              design                                                                   
HES_best_J50        syn0.1                   -0.015 [-0.032,0.006]       0.004 [-0.013,0.015]
                    syn0.2                   -0.005 [-0.019,0.018]      -0.015 [-0.034,0.009]
                    syn0.3                   -0.000 [-0.022,0.026]      -0.011 [-0.051,0.007]
                    syn0.4                     0.041 [0.007,0.062]      -0.014 [-0.044,0.027]
                    syn0.5                    0.036 [-0.005,0.077]       0.004 [-0.024,0.024]
                    syn0.6                     0.079 [0.040,0.127]       0.019 [-0.007,0.063]
                    syn0.7                     0.122 [0.080,0.157]       0.030 [-0.004,0.064]
                    syn0.8                     0.181 [0.141,0.210]        0.036 [0.000,0.067]
                    syn0.9                     0.263 [0.228,0.282]        0.036 [0.000,0.067]
HES_best_J80        syn0.1                    0.000 [-0.012,0.013]      -0.003 [-0.022,0.011]
                    syn0.2                    0.000 [-0.019,0.018]       0.000 [-0.029,0.014]
                    syn0.3                     0.025 [0.008,0.042]       0.021 [-0.018,0.044]
                    syn0.4                     0.047 [0.012,0.101]        0.040 [0.010,0.072]
                    syn0.5                     0.095 [0.056,0.134]        0.054 [0.026,0.091]
                    syn0.6                     0.150 [0.117,0.193]        0.104 [0.056,0.132]
                    syn0.7                     0.195 [0.149,0.257]        0.152 [0.101,0.171]
                    syn0.8                     0.307 [0.266,0.336]        0.211 [0.167,0.232]
                    syn0.9                     0.420 [0.383,0.444]        0.268 [0.231,0.293]
HES_uniform_J50     syn0.1                   -0.014 [-0.055,0.011]      -0.081 [-0.135,0.012]
                    syn0.2                    0.000 [-0.034,0.024]     -0.089 [-0.147,-0.003]
                    syn0.3                    0.016 [-0.019,0.068]      -0.072 [-0.125,0.029]
                    syn0.4                    0.037 [-0.008,0.079]      -0.066 [-0.125,0.034]
                    syn0.5                     0.061 [0.020,0.122]      -0.076 [-0.128,0.057]
                    syn0.6                     0.109 [0.052,0.175]       0.019 [-0.024,0.103]
                    syn0.7                     0.164 [0.106,0.200]       0.027 [-0.018,0.112]
                    syn0.8                     0.257 [0.194,0.292]        0.042 [0.000,0.124]
                    syn0.9                     0.322 [0.268,0.354]        0.042 [0.000,0.124]
HES_uniform_J80     syn0.1                  -0.009 [-0.025,-0.002]       0.008 [-0.009,0.043]
                    syn0.2                   -0.003 [-0.028,0.013]       0.013 [-0.007,0.043]
                    syn0.3                     0.023 [0.005,0.047]        0.031 [0.006,0.085]
                    syn0.4                     0.035 [0.012,0.071]        0.047 [0.017,0.107]
                    syn0.5                     0.072 [0.045,0.110]        0.076 [0.035,0.155]
                    syn0.6                     0.168 [0.107,0.212]        0.151 [0.115,0.188]
                    syn0.7                     0.230 [0.197,0.295]        0.188 [0.146,0.230]
                    syn0.8                     0.345 [0.317,0.391]        0.243 [0.212,0.275]
                    syn0.9                     0.473 [0.440,0.486]        0.327 [0.306,0.359]
J50                 active_cvl:syn0.1    499.412 [472.239,513.754]  368.965 [357.867,383.170]
                    active_cvl:syn0.2    483.691 [462.929,499.570]  370.798 [363.715,400.208]
                    active_cvl:syn0.3    492.960 [465.062,525.322]  381.369 [364.260,398.174]
                    active_cvl:syn0.4    470.606 [455.995,488.218]  378.101 [366.388,388.185]
                    active_cvl:syn0.5    471.512 [442.149,485.791]  369.726 [361.374,383.012]
                    active_cvl:syn0.6    447.191 [426.955,460.464]  363.594 [358.432,369.498]
                    active_cvl:syn0.7    426.483 [418.202,439.289]  357.737 [356.602,359.159]
                    active_cvl:syn0.8    396.952 [389.290,403.969]  358.093 [356.904,359.372]
                    active_cvl:syn0.9    360.822 [356.816,364.655]  357.940 [356.655,359.076]
                    dedup                500.862 [470.064,520.557]  371.710 [355.646,398.031]
                    sel_accuracy         368.616 [359.739,376.417]  358.330 [357.119,359.880]
                    sel_pilotcost        362.444 [357.308,372.782]  358.330 [357.119,359.880]
                    sel_rho              361.930 [357.308,372.376]  358.330 [357.119,359.880]
                    uniform              553.576 [513.459,582.893]  378.857 [362.104,414.898]
                    uniform_cvl:syn0.1   561.517 [522.333,592.384]  409.378 [362.978,417.250]
                    uniform_cvl:syn0.2   553.475 [520.862,584.474]  412.719 [370.862,419.579]
                    uniform_cvl:syn0.3   544.866 [515.756,561.381]  406.220 [374.268,414.663]
                    uniform_cvl:syn0.4   532.891 [501.021,552.671]  403.769 [377.163,411.613]
                    uniform_cvl:syn0.5   519.549 [491.206,532.194]  407.824 [372.076,413.298]
                    uniform_cvl:syn0.6   493.076 [467.183,512.239]  371.548 [365.131,378.222]
                    uniform_cvl:syn0.7   462.788 [443.486,481.698]  368.539 [362.941,374.850]
                    uniform_cvl:syn0.8   411.031 [401.520,418.246]  362.950 [361.492,364.241]
                    uniform_cvl:syn0.9   375.186 [367.532,381.468]  362.950 [361.492,364.241]
                    weighted             490.778 [467.513,509.587]  371.622 [357.673,384.988]
                    weighted_cvl:syn0.1  497.915 [470.733,517.110]  370.112 [359.951,385.638]
                    weighted_cvl:syn0.2  493.025 [468.315,507.181]  377.367 [362.717,389.750]
                    weighted_cvl:syn0.3  490.947 [466.511,516.688]  375.822 [367.339,387.888]
                    weighted_cvl:syn0.4  470.620 [452.404,493.078]  376.762 [367.252,388.245]
                    weighted_cvl:syn0.5  473.221 [445.212,490.816]  370.030 [358.960,386.761]
                    weighted_cvl:syn0.6  451.912 [430.097,461.896]  364.591 [358.207,374.486]
                    weighted_cvl:syn0.7  430.984 [419.250,443.062]  360.653 [357.228,365.860]
                    weighted_cvl:syn0.8  402.031 [392.485,409.933]  358.330 [357.119,359.880]
                    weighted_cvl:syn0.9  361.930 [357.308,372.376]  358.330 [357.119,359.880]
J80                 active_cvl:syn0.1    739.786 [698.416,770.053]  509.415 [488.269,527.935]
                    active_cvl:syn0.2    728.794 [681.715,763.533]  505.469 [485.937,517.688]
                    active_cvl:syn0.3    704.761 [637.858,738.387]  492.960 [469.467,512.684]
                    active_cvl:syn0.4    692.238 [638.352,727.826]  474.266 [452.950,494.377]
                    active_cvl:syn0.5    633.867 [588.981,688.499]  468.703 [446.719,488.118]
                    active_cvl:syn0.6    580.962 [537.991,609.548]  444.148 [428.626,457.397]
                    active_cvl:syn0.7    535.648 [507.808,565.106]  417.460 [411.001,425.357]
                    active_cvl:syn0.8    487.345 [452.608,505.790]  397.433 [390.311,405.158]
                    active_cvl:syn0.9    407.906 [391.971,422.936]  361.497 [356.869,367.351]
                    dedup                739.786 [694.392,767.672]  507.220 [488.419,521.718]
                    sel_accuracy         449.150 [421.124,483.389]  373.696 [368.406,386.660]
                    sel_pilotcost        423.589 [410.828,435.195]  368.973 [362.439,378.477]
                    sel_rho              422.366 [408.513,434.832]  368.410 [358.552,378.636]
                    uniform              820.898 [759.421,854.312]  554.601 [531.131,577.787]
                    uniform_cvl:syn0.1   828.457 [767.533,877.125]  549.927 [519.689,567.400]
                    uniform_cvl:syn0.2   823.215 [775.755,857.025]  547.588 [525.229,557.148]
                    uniform_cvl:syn0.3   802.109 [728.843,838.485]  537.421 [510.649,556.604]
                    uniform_cvl:syn0.4   792.260 [728.855,822.273]  528.742 [499.547,546.084]
                    uniform_cvl:syn0.5   762.192 [682.669,798.726]  512.641 [478.877,534.191]
                    uniform_cvl:syn0.6   683.087 [632.332,723.630]  470.628 [449.256,491.451]
                    uniform_cvl:syn0.7   632.483 [569.075,660.680]  450.312 [437.108,478.205]
                    uniform_cvl:syn0.8   537.421 [492.255,555.965]  419.618 [404.032,429.731]
                    uniform_cvl:syn0.9   432.857 [424.471,441.871]  372.996 [361.977,381.547]
                    weighted             728.403 [671.175,765.500]  503.359 [477.037,520.652]
                    weighted_cvl:syn0.1  728.403 [668.782,764.385]  504.900 [476.300,527.727]
                    weighted_cvl:syn0.2  728.403 [686.380,769.558]  503.317 [484.835,518.058]
                    weighted_cvl:syn0.3  709.916 [653.160,740.089]  493.025 [474.336,511.287]
                    weighted_cvl:syn0.4  694.454 [639.279,727.773]  483.279 [463.090,505.365]
                    weighted_cvl:syn0.5  658.974 [614.727,701.384]  476.400 [450.157,500.804]
                    weighted_cvl:syn0.6  619.114 [567.616,644.043]  450.812 [435.597,463.286]
                    weighted_cvl:syn0.7  586.580 [529.767,635.383]  426.705 [419.343,443.303]
                    weighted_cvl:syn0.8  504.612 [477.658,517.869]  396.975 [390.269,407.140]
                    weighted_cvl:syn0.9  422.366 [408.513,434.832]  368.410 [358.552,378.636]
best_human          weighted                                                                 
inflation_J50       syn0.1                    0.000 [-0.042,0.022]      -0.085 [-0.143,0.020]
                    syn0.2                    0.005 [-0.034,0.019]      -0.074 [-0.142,0.005]
                    syn0.3                    0.016 [-0.015,0.064]      -0.061 [-0.099,0.045]
                    syn0.4                   -0.004 [-0.037,0.040]      -0.052 [-0.113,0.052]
                    syn0.5                    0.026 [-0.013,0.090]      -0.081 [-0.130,0.043]
                    syn0.6                    0.030 [-0.018,0.099]       0.000 [-0.063,0.085]
                    syn0.7                     0.042 [0.005,0.095]      -0.002 [-0.052,0.084]
                    syn0.8                     0.077 [0.044,0.118]       0.006 [-0.050,0.087]
                    syn0.9                     0.060 [0.033,0.100]       0.006 [-0.050,0.087]
inflation_J80       syn0.1                   -0.009 [-0.029,0.001]       0.011 [-0.009,0.039]
                    syn0.2                   -0.003 [-0.029,0.020]       0.013 [-0.003,0.048]
                    syn0.3                   -0.002 [-0.031,0.026]       0.010 [-0.017,0.057]
                    syn0.4                   -0.012 [-0.067,0.020]       0.007 [-0.028,0.054]
                    syn0.5                   -0.024 [-0.062,0.033]       0.022 [-0.006,0.089]
                    syn0.6                    0.018 [-0.052,0.054]        0.047 [0.014,0.094]
                    syn0.7                    0.035 [-0.014,0.062]        0.036 [0.002,0.092]
                    syn0.8                     0.038 [0.010,0.071]        0.032 [0.008,0.078]
                    syn0.9                     0.053 [0.028,0.074]        0.059 [0.037,0.097]
max_wrong           ALL                                      0.010                      0.000
pred_corr_logratio  ALL                                      0.992                      0.779
save_vs_uniform_J50 dedup                      0.095 [0.064,0.140]        0.019 [0.016,0.136]
                    weighted                   0.113 [0.071,0.163]       0.019 [-0.039,0.102]
save_vs_uniform_J80 dedup                      0.099 [0.074,0.124]        0.085 [0.067,0.113]
                    weighted                   0.113 [0.087,0.139]        0.092 [0.064,0.139]
 eps            selector  excess_vs_best_fixed     lo    hi          best_fixed                                                                                                                picks
0.01            weighted                 0.263  0.228 0.282 weighted_cvl:syn0.9                                                                                                                     
0.01 weighted_cvl:syn0.1                 0.277  0.233 0.303 weighted_cvl:syn0.9                                                                                                                     
0.01 weighted_cvl:syn0.2                 0.267  0.230 0.291 weighted_cvl:syn0.9                                                                                                                     
0.01 weighted_cvl:syn0.3                 0.263  0.226 0.298 weighted_cvl:syn0.9                                                                                                                     
0.01 weighted_cvl:syn0.4                 0.221  0.189 0.269 weighted_cvl:syn0.9                                                                                                                     
0.01 weighted_cvl:syn0.5                 0.227  0.177 0.263 weighted_cvl:syn0.9                                                                                                                     
0.01 weighted_cvl:syn0.6                 0.183  0.140 0.206 weighted_cvl:syn0.9                                                                                                                     
0.01 weighted_cvl:syn0.7                 0.141  0.113 0.167 weighted_cvl:syn0.9                                                                                                                     
0.01 weighted_cvl:syn0.8                 0.082  0.060 0.097 weighted_cvl:syn0.9                                                                                                                     
0.01 weighted_cvl:syn0.9                 0.000  0.000 0.000 weighted_cvl:syn0.9                                                                                                                     
0.01        sel_accuracy                 0.014 -0.000 0.024 weighted_cvl:syn0.9 {'weighted_cvl:syn0.9': 0.75, 'weighted_cvl:syn0.8': 0.22, 'weighted_cvl:syn0.7': 0.02, 'weighted_cvl:syn0.6': 0.01}
0.01             sel_rho                 0.000  0.000 0.000 weighted_cvl:syn0.9                                                                                         {'weighted_cvl:syn0.9': 1.0}
0.01       sel_pilotcost                 0.001  0.000 0.005 weighted_cvl:syn0.9                                                           {'weighted_cvl:syn0.9': 0.99, 'weighted_cvl:syn0.8': 0.01}
0.02            weighted                 0.036  0.000 0.067 weighted_cvl:syn0.8                                                                                                                     
0.02 weighted_cvl:syn0.1                 0.032  0.006 0.069 weighted_cvl:syn0.8                                                                                                                     
0.02 weighted_cvl:syn0.2                 0.051  0.015 0.082 weighted_cvl:syn0.8                                                                                                                     
0.02 weighted_cvl:syn0.3                 0.047  0.025 0.077 weighted_cvl:syn0.8                                                                                                                     
0.02 weighted_cvl:syn0.4                 0.050  0.026 0.076 weighted_cvl:syn0.8                                                                                                                     
0.02 weighted_cvl:syn0.5                 0.031  0.001 0.072 weighted_cvl:syn0.8                                                                                                                     
0.02 weighted_cvl:syn0.6                 0.017  0.000 0.040 weighted_cvl:syn0.8                                                                                                                     
0.02 weighted_cvl:syn0.7                 0.006  0.000 0.020 weighted_cvl:syn0.8                                                                                                                     
0.02 weighted_cvl:syn0.8                 0.000  0.000 0.000 weighted_cvl:syn0.8                                                                                                                     
0.02 weighted_cvl:syn0.9                 0.000  0.000 0.000 weighted_cvl:syn0.8                                                                                                                     
0.02        sel_accuracy                 0.000  0.000 0.000 weighted_cvl:syn0.8 {'weighted_cvl:syn0.9': 0.75, 'weighted_cvl:syn0.8': 0.22, 'weighted_cvl:syn0.7': 0.02, 'weighted_cvl:syn0.6': 0.01}
0.02             sel_rho                 0.000  0.000 0.000 weighted_cvl:syn0.8                                                                                         {'weighted_cvl:syn0.9': 1.0}
0.02       sel_pilotcost                 0.000  0.000 0.000 weighted_cvl:syn0.8                                         {'weighted_cvl:syn0.9': 0.97, 'weighted': 0.02, 'weighted_cvl:syn0.8': 0.01}
