eps                                                                0.01                       0.02
metric              design                                                                        
HES_best_J50        chrf                          -0.001 [-0.005,0.002]      -0.001 [-0.005,0.002]
                    comet22                       -0.001 [-0.005,0.002]      -0.001 [-0.005,0.002]
                    inv_comet22                   -0.001 [-0.005,0.002]      -0.001 [-0.005,0.002]
                    mistral_7b                    -0.001 [-0.005,0.002]      -0.001 [-0.005,0.002]
                    qwen3_8b                      -0.001 [-0.005,0.002]      -0.001 [-0.005,0.002]
HES_best_J80        chrf                          -0.022 [-0.137,0.035]       0.086 [-0.003,0.137]
                    comet22                        0.008 [-0.086,0.066]       0.052 [-0.028,0.100]
                    inv_comet22                   -0.022 [-0.118,0.029]       0.086 [-0.004,0.132]
                    mistral_7b                    -0.022 [-0.246,0.024]       0.052 [-0.041,0.126]
                    qwen3_8b                      -0.007 [-0.145,0.066]       0.026 [-0.048,0.090]
HES_uniform_J50     chrf                            0.000 [0.000,0.000]        0.000 [0.000,0.000]
                    comet22                         0.000 [0.000,0.000]        0.000 [0.000,0.000]
                    inv_comet22                     0.000 [0.000,0.000]        0.000 [0.000,0.000]
                    mistral_7b                      0.000 [0.000,0.000]        0.000 [0.000,0.000]
                    qwen3_8b                        0.000 [0.000,0.000]        0.000 [0.000,0.000]
HES_uniform_J80     chrf                          -0.010 [-0.143,0.078]       0.006 [-0.096,0.023]
                    comet22                        0.022 [-0.069,0.090]      -0.016 [-0.146,0.027]
                    inv_comet22                     0.000 [0.000,0.000]       0.000 [-0.001,0.000]
                    mistral_7b                   -0.170 [-0.251,-0.001]      -0.009 [-0.121,0.009]
                    qwen3_8b                      -0.076 [-0.218,0.008]       0.003 [-0.109,0.034]
J50                 active_cvl:chrf           112.940 [112.270,113.614]  112.940 [112.343,113.645]
                    active_cvl:comet22        113.100 [112.342,113.873]  113.100 [112.353,114.002]
                    active_cvl:inv_comet22    113.033 [112.346,113.758]  113.033 [112.204,113.964]
                    active_cvl:mistral_7b     113.220 [112.442,113.914]  113.220 [112.442,113.937]
                    active_cvl:qwen3_8b       112.927 [112.175,113.525]  112.927 [112.252,113.675]
                    dedup                     112.787 [112.103,113.490]  112.787 [112.029,113.578]
                    sel_accuracy              112.947 [112.287,113.673]  112.947 [112.231,113.909]
                    sel_pilotcost             112.993 [112.298,113.612]  112.807 [112.108,113.542]
                    sel_rho                   112.947 [112.287,113.673]  112.947 [112.231,113.909]
                    uniform                   113.220 [112.537,113.830]  113.220 [112.510,113.921]
                    uniform_cvl:chrf          113.220 [112.537,113.830]  113.220 [112.510,113.921]
                    uniform_cvl:comet22       113.220 [112.537,113.830]  113.220 [112.510,113.921]
                    uniform_cvl:inv_comet22   113.220 [112.537,113.830]  113.220 [112.510,113.921]
                    uniform_cvl:mistral_7b    113.220 [112.537,113.830]  113.220 [112.510,113.921]
                    uniform_cvl:qwen3_8b      113.220 [112.537,113.830]  113.220 [112.510,113.921]
                    weighted                  112.947 [112.287,113.673]  112.947 [112.231,113.909]
                    weighted_cvl:chrf         112.947 [112.287,113.673]  112.947 [112.231,113.909]
                    weighted_cvl:comet22      112.947 [112.287,113.673]  112.947 [112.231,113.909]
                    weighted_cvl:inv_comet22  112.947 [112.287,113.673]  112.947 [112.231,113.909]
                    weighted_cvl:mistral_7b   112.947 [112.287,113.673]  112.947 [112.231,113.909]
                    weighted_cvl:qwen3_8b     112.947 [112.287,113.673]  112.947 [112.231,113.909]
J80                 active_cvl:chrf           160.548 [146.964,185.391]  112.940 [112.343,122.847]
                    active_cvl:comet22        149.661 [139.595,180.070]  119.390 [112.694,132.157]
                    active_cvl:inv_comet22    157.753 [133.878,186.585]  116.882 [112.572,125.392]
                    active_cvl:mistral_7b     165.533 [150.058,183.191]  113.220 [112.532,135.644]
                    active_cvl:qwen3_8b       155.902 [141.938,184.235]  125.802 [112.809,139.881]
                    dedup                     149.183 [143.404,168.992]  123.634 [112.466,131.195]
                    sel_accuracy              148.179 [141.865,167.541]  119.009 [112.459,128.099]
                    sel_pilotcost             152.553 [143.678,184.145]  125.032 [112.509,133.167]
                    sel_rho                   151.359 [141.234,181.289]  120.373 [115.728,130.266]
                    uniform                   155.626 [147.587,178.998]  127.166 [113.426,132.686]
                    uniform_cvl:chrf          157.134 [145.722,189.594]  126.459 [117.999,132.656]
                    uniform_cvl:comet22       152.198 [141.383,184.330]  129.255 [120.910,135.948]
                    uniform_cvl:inv_comet22   155.626 [147.587,178.998]  127.166 [113.560,132.686]
                    uniform_cvl:mistral_7b    182.020 [148.389,196.605]  128.297 [119.962,134.758]
                    uniform_cvl:qwen3_8b      167.503 [149.383,189.770]  126.827 [119.450,132.472]
                    weighted                  152.447 [144.390,171.473]  112.947 [112.351,125.521]
                    weighted_cvl:chrf         152.447 [145.365,176.376]  112.947 [112.326,119.898]
                    weighted_cvl:comet22      147.927 [142.004,171.265]  117.190 [112.637,127.143]
                    weighted_cvl:inv_comet22  152.447 [144.390,171.473]  112.947 [112.351,125.929]
                    weighted_cvl:mistral_7b   152.536 [145.678,190.298]  117.190 [112.399,129.764]
                    weighted_cvl:qwen3_8b     150.277 [143.308,175.166]  120.373 [112.508,129.123]
best_human          dedup                                                                         
inflation_J50       chrf                           0.001 [-0.002,0.005]       0.001 [-0.002,0.005]
                    comet22                        0.001 [-0.002,0.005]       0.001 [-0.002,0.005]
                    inv_comet22                    0.001 [-0.002,0.005]       0.001 [-0.002,0.005]
                    mistral_7b                     0.001 [-0.002,0.005]       0.001 [-0.002,0.005]
                    qwen3_8b                       0.001 [-0.002,0.005]       0.001 [-0.002,0.005]
inflation_J80       chrf                           0.012 [-0.120,0.141]      -0.081 [-0.148,0.004]
                    comet22                        0.014 [-0.081,0.110]      -0.069 [-0.140,0.018]
                    inv_comet22                    0.022 [-0.029,0.118]      -0.086 [-0.137,0.004]
                    mistral_7b                    -0.147 [-0.214,0.128]      -0.061 [-0.147,0.021]
                    qwen3_8b                      -0.069 [-0.188,0.066]      -0.024 [-0.131,0.048]
max_wrong           ALL                                           0.013                      0.000
pred_corr_logratio  ALL                                           0.535                      0.530
save_vs_uniform_J50 dedup                           0.004 [0.001,0.006]        0.004 [0.001,0.007]
                    weighted                       0.002 [-0.002,0.006]       0.002 [-0.001,0.007]
save_vs_uniform_J80 dedup                           0.041 [0.002,0.131]       0.028 [-0.031,0.111]
                    weighted                       0.020 [-0.058,0.102]        0.112 [0.004,0.143]
 eps                 selector  regret     lo    hi oracle                                                                                                                                                                      picks
0.01                    dedup   0.000  0.000 0.002  dedup                                                                                                                                                                           
0.01        weighted_cvl:chrf   0.001  0.000 0.005  dedup                                                                                                                                                                           
0.01     weighted_cvl:comet22   0.001  0.000 0.005  dedup                                                                                                                                                                           
0.01 weighted_cvl:inv_comet22   0.001  0.000 0.005  dedup                                                                                                                                                                           
0.01  weighted_cvl:mistral_7b   0.001  0.000 0.005  dedup                                                                                                                                                                           
0.01    weighted_cvl:qwen3_8b   0.001  0.000 0.005  dedup                                                                                                                                                                           
0.01             sel_accuracy   0.001  0.000 0.005  dedup                 {'weighted_cvl:comet22': 0.5, 'weighted_cvl:chrf': 0.26, 'weighted_cvl:qwen3_8b': 0.18, 'weighted_cvl:inv_comet22': 0.03, 'weighted_cvl:mistral_7b': 0.02}
0.01                  sel_rho   0.001  0.000 0.005  dedup                {'weighted_cvl:comet22': 0.63, 'weighted_cvl:qwen3_8b': 0.22, 'weighted_cvl:chrf': 0.07, 'weighted_cvl:mistral_7b': 0.06, 'weighted_cvl:inv_comet22': 0.01}
0.01            sel_pilotcost   0.002 -0.000 0.005  dedup {'dedup': 0.41, 'weighted_cvl:comet22': 0.39, 'weighted_cvl:qwen3_8b': 0.12, 'weighted_cvl:chrf': 0.04, 'weighted_cvl:mistral_7b': 0.03, 'weighted_cvl:inv_comet22': 0.01}
0.02                    dedup   0.000  0.000 0.002  dedup                                                                                                                                                                           
0.02        weighted_cvl:chrf   0.001  0.000 0.005  dedup                                                                                                                                                                           
0.02     weighted_cvl:comet22   0.001  0.000 0.005  dedup                                                                                                                                                                           
0.02 weighted_cvl:inv_comet22   0.001  0.000 0.005  dedup                                                                                                                                                                           
0.02  weighted_cvl:mistral_7b   0.001  0.000 0.005  dedup                                                                                                                                                                           
0.02    weighted_cvl:qwen3_8b   0.001  0.000 0.005  dedup                                                                                                                                                                           
0.02             sel_accuracy   0.001  0.000 0.005  dedup                 {'weighted_cvl:comet22': 0.5, 'weighted_cvl:chrf': 0.26, 'weighted_cvl:qwen3_8b': 0.18, 'weighted_cvl:inv_comet22': 0.03, 'weighted_cvl:mistral_7b': 0.02}
0.02                  sel_rho   0.001  0.000 0.005  dedup                {'weighted_cvl:comet22': 0.63, 'weighted_cvl:qwen3_8b': 0.22, 'weighted_cvl:chrf': 0.07, 'weighted_cvl:mistral_7b': 0.06, 'weighted_cvl:inv_comet22': 0.01}
0.02            sel_pilotcost   0.000 -0.001 0.003  dedup  {'dedup': 0.74, 'weighted_cvl:comet22': 0.16, 'weighted_cvl:qwen3_8b': 0.06, 'weighted_cvl:chrf': 0.03, 'weighted_cvl:mistral_7b': 0.01, 'weighted_cvl:inv_comet22': 0.0}
