eps                                                              0.005                         0.010                      0.020
metric              design                                                                                                     
HES_best_J50        chrf                          0.004 [-0.022,0.035]          0.024 [-0.053,0.080]      -0.021 [-0.073,0.019]
                    comet22                       0.018 [-0.017,0.066]          0.044 [-0.059,0.094]     -0.021 [-0.107,-0.001]
                    mistral_7b                  -0.052 [-0.095,-0.029]        -0.071 [-0.187,-0.033]     -0.031 [-0.134,-0.010]
                    qwen3_8b                    -0.043 [-0.093,-0.015]         -0.010 [-0.114,0.035]      -0.015 [-0.090,0.004]
HES_best_J80        chrf                                                        0.005 [-0.253,0.057]        0.062 [0.001,0.185]
                    comet22                                                     0.000 [-0.745,0.000]      -0.008 [-0.107,0.053]
                    mistral_7b                                                  0.010 [-0.176,0.345]     -0.084 [-0.174,-0.015]
                    qwen3_8b                                                    0.000 [-1.172,0.000]     -0.091 [-0.223,-0.004]
HES_uniform_J50     chrf                          0.008 [-0.021,0.040]         -0.021 [-0.101,0.029]       0.010 [-0.200,0.036]
                    comet22                        0.050 [0.002,0.088]         -0.045 [-0.158,0.024]      -0.021 [-0.253,0.004]
                    mistral_7b                  -0.065 [-0.104,-0.016]        -0.118 [-0.265,-0.046]     -0.021 [-0.250,-0.007]
                    qwen3_8b                    -0.038 [-0.074,-0.007]         -0.060 [-0.161,0.011]     -0.022 [-0.252,-0.003]
HES_uniform_J80     chrf                                                        0.000 [-0.422,0.000]       0.031 [-0.037,0.068]
                    comet22                                                     0.015 [-0.624,0.056]      -0.015 [-0.119,0.056]
                    mistral_7b                                                 -0.007 [-1.332,0.000]      -0.076 [-0.162,0.004]
                    qwen3_8b                                                    0.000 [-1.681,0.000]     -0.098 [-0.192,-0.017]
J50                 active_cvl:chrf          599.718 [546.260,652.875]     388.127 [354.847,457.239]  239.402 [208.826,248.765]
                    active_cvl:comet22       563.593 [478.036,636.847]     400.389 [363.156,431.805]  241.510 [223.332,248.933]
                    active_cvl:mistral_7b    610.620 [568.486,663.012]     423.003 [382.355,454.665]  246.770 [237.899,255.172]
                    active_cvl:qwen3_8b      587.648 [535.192,650.277]     404.640 [369.409,434.106]  245.309 [228.810,254.136]
                    dedup                    612.645 [565.778,669.087]     400.694 [345.217,438.215]  246.642 [204.955,254.454]
                    sel_accuracy             575.420 [514.223,614.302]     369.482 [321.567,410.303]  243.379 [231.037,253.674]
                    sel_pilotcost            587.719 [542.034,620.378]     392.733 [359.861,431.016]  241.057 [217.963,249.417]
                    sel_rho                  593.797 [539.783,641.829]     379.099 [346.915,428.169]  244.371 [231.444,252.605]
                    uniform                  721.337 [658.039,783.156]     462.671 [406.693,516.166]  261.377 [212.003,273.478]
                    uniform_cvl:chrf         715.213 [647.567,772.424]     472.418 [406.833,534.461]  258.844 [213.904,274.781]
                    uniform_cvl:comet22      684.941 [629.145,747.691]     483.562 [433.606,523.448]  266.954 [254.556,282.068]
                    uniform_cvl:mistral_7b   768.218 [689.141,820.464]     517.278 [451.983,565.394]  266.954 [232.370,290.034]
                    uniform_cvl:qwen3_8b     748.495 [675.102,805.970]     490.654 [421.477,546.807]  267.073 [215.735,278.353]
                    uniform_cvo:chrf         698.264 [632.071,758.679]     441.417 [396.156,501.589]  257.211 [213.400,268.924]
                    uniform_cvo:comet22      658.270 [606.728,729.073]     438.030 [398.196,484.764]  258.651 [212.199,268.394]
                    uniform_cvo:mistral_7b   729.645 [660.771,787.973]     461.172 [407.076,511.431]  260.606 [212.728,272.964]
                    uniform_cvo:qwen3_8b     716.663 [650.525,782.122]     437.466 [396.395,496.388]  260.481 [212.208,272.262]
                    weighted                 585.098 [543.330,616.867]     389.268 [329.357,423.155]  237.851 [209.597,246.607]
                    weighted_cvl:chrf        582.836 [532.634,621.833]     379.869 [334.272,417.564]  242.924 [208.809,250.913]
                    weighted_cvl:comet22     574.614 [513.640,614.073]     371.955 [334.293,413.977]  242.784 [230.367,251.210]
                    weighted_cvl:mistral_7b  615.772 [571.373,674.291]     416.884 [372.979,452.251]  245.222 [234.255,255.266]
                    weighted_cvl:qwen3_8b    610.336 [565.248,657.153]     393.290 [358.500,437.201]  241.399 [222.941,250.593]
                    weighted_cvo:chrf        557.749 [491.443,598.797]     362.062 [326.014,401.218]  236.930 [207.026,244.445]
                    weighted_cvo:comet22     549.453 [491.812,586.720]     366.689 [337.480,401.360]  238.865 [209.149,247.349]
                    weighted_cvo:mistral_7b  585.874 [542.697,620.804]     382.720 [323.573,421.423]  239.158 [208.948,247.841]
                    weighted_cvo:qwen3_8b    574.614 [518.031,611.972]     378.137 [313.938,411.966]  228.407 [208.398,243.051]
J80                 active_cvl:chrf                                     3478.540 [1220.746,3757.041]  510.768 [378.945,605.840]
                    active_cvl:comet22                                   3513.937 [848.914,3777.199]  466.051 [381.437,555.509]
                    active_cvl:mistral_7b                               3536.465 [1238.409,3774.969]  506.262 [416.542,561.223]
                    active_cvl:qwen3_8b                                  3502.446 [949.380,3761.195]  501.529 [383.139,587.329]
                    dedup                                                3487.765 [809.117,3749.878]  469.198 [383.053,562.137]
                    sel_accuracy                                        3530.258 [1130.069,3789.704]  459.558 [381.314,529.858]
                    sel_pilotcost                                       3530.258 [1161.456,3789.704]  484.629 [392.290,573.296]
                    sel_rho                                             3530.258 [1248.072,3789.704]  483.318 [380.544,556.438]
                    uniform                                              4155.299 [927.264,4562.753]  547.337 [440.989,637.249]
                    uniform_cvl:chrf                                    4155.299 [1264.449,4562.753]  530.599 [442.810,622.985]
                    uniform_cvl:comet22                                 4094.356 [1209.824,4541.812]  555.820 [471.689,626.273]
                    uniform_cvl:mistral_7b                              4183.365 [1114.567,4594.395]  588.791 [503.687,649.138]
                    uniform_cvl:qwen3_8b                                4155.299 [1304.302,4562.753]  600.954 [497.045,673.215]
                    uniform_cvo:chrf                                     4125.674 [943.213,4552.904]  523.766 [429.648,615.760]
                    uniform_cvo:comet22                                 4094.356 [1182.906,4520.995]  527.777 [411.278,616.843]
                    uniform_cvo:mistral_7b                               4155.299 [927.264,4562.753]  560.015 [479.412,656.445]
                    uniform_cvo:qwen3_8b                                 4183.365 [921.298,4594.395]  555.820 [427.677,626.277]
                    weighted                                             3530.258 [923.238,3789.704]  467.643 [380.951,556.459]
                    weighted_cvl:chrf                                    3513.381 [950.351,3780.986]  438.768 [379.508,488.025]
                    weighted_cvl:comet22                                3530.258 [1130.069,3789.704]  471.253 [380.028,545.422]
                    weighted_cvl:mistral_7b                              3495.566 [950.351,3762.029]  507.051 [435.819,569.789]
                    weighted_cvl:qwen3_8b                               3530.258 [1161.456,3789.704]  510.313 [423.798,581.986]
                    weighted_cvo:chrf                                    3513.381 [950.351,3780.986]  431.989 [375.740,481.681]
                    weighted_cvo:comet22                                3530.258 [1222.533,3789.704]  449.163 [368.041,518.744]
                    weighted_cvo:mistral_7b                              3530.258 [923.238,3789.704]  472.399 [382.027,565.407]
                    weighted_cvo:qwen3_8b                                3530.258 [998.396,3789.704]  468.859 [384.428,553.687]
best_human          weighted                                                                                                   
inflation_J50       chrf                          0.005 [-0.030,0.043]         -0.045 [-0.122,0.052]       0.031 [-0.158,0.087]
                    comet22                       0.033 [-0.036,0.077]         -0.090 [-0.172,0.045]      -0.001 [-0.225,0.048]
                    mistral_7b                   -0.013 [-0.059,0.040]         -0.047 [-0.207,0.063]       0.010 [-0.203,0.043]
                    qwen3_8b                      0.005 [-0.037,0.061]         -0.050 [-0.147,0.072]      -0.007 [-0.219,0.031]
inflation_J80       chrf                                                       -0.005 [-0.433,0.253]      -0.031 [-0.149,0.038]
                    comet22                                                     0.015 [-0.579,0.702]      -0.008 [-0.086,0.085]
                    mistral_7b                                                 -0.017 [-1.223,0.000]       0.009 [-0.072,0.105]
                    qwen3_8b                                                    0.000 [-1.551,0.499]      -0.007 [-0.092,0.122]
max_wrong           ALL                                          0.013                         0.017                      0.000
pred_corr_logratio  ALL                                          0.931                         0.804                      0.839
save_vs_uniform_J50 dedup                          0.151 [0.109,0.195]           0.134 [0.068,0.196]       0.056 [-0.144,0.091]
                    weighted                       0.189 [0.143,0.242]           0.159 [0.101,0.295]       0.090 [-0.104,0.148]
save_vs_uniform_J80 dedup                                                        0.161 [0.056,0.188]        0.143 [0.060,0.230]
                    weighted                                                    0.150 [-0.942,0.333]        0.146 [0.041,0.261]
  eps                selector  regret     lo    hi               oracle                                                                                                                                       picks
0.005                weighted   0.018  0.000 0.066 weighted_cvl:comet22                                                                                                                                            
0.005       weighted_cvl:chrf   0.014  0.000 0.057 weighted_cvl:comet22                                                                                                                                            
0.005    weighted_cvl:comet22   0.000  0.000 0.029 weighted_cvl:comet22                                                                                                                                            
0.005 weighted_cvl:mistral_7b   0.070  0.041 0.140 weighted_cvl:comet22                                                                                                                                            
0.005   weighted_cvl:qwen3_8b   0.061  0.029 0.135 weighted_cvl:comet22                                                                                                                                            
0.005            sel_accuracy   0.001 -0.016 0.025 weighted_cvl:comet22                   {'weighted_cvl:comet22': 0.68, 'weighted_cvl:chrf': 0.18, 'weighted_cvl:qwen3_8b': 0.13, 'weighted_cvl:mistral_7b': 0.01}
0.005                 sel_rho   0.033  0.012 0.080 weighted_cvl:comet22                   {'weighted_cvl:comet22': 0.68, 'weighted_cvl:qwen3_8b': 0.16, 'weighted_cvl:chrf': 0.09, 'weighted_cvl:mistral_7b': 0.07}
0.005           sel_pilotcost   0.022  0.004 0.064 weighted_cvl:comet22   {'weighted_cvl:comet22': 0.43, 'weighted': 0.4, 'weighted_cvl:qwen3_8b': 0.1, 'weighted_cvl:mistral_7b': 0.04, 'weighted_cvl:chrf': 0.03}
0.010                weighted   0.044  0.000 0.096 weighted_cvl:comet22                                                                                                                                            
0.010       weighted_cvl:chrf   0.020  0.000 0.081 weighted_cvl:comet22                                                                                                                                            
0.010    weighted_cvl:comet22   0.000  0.000 0.072 weighted_cvl:comet22                                                                                                                                            
0.010 weighted_cvl:mistral_7b   0.115  0.047 0.207 weighted_cvl:comet22                                                                                                                                            
0.010   weighted_cvl:qwen3_8b   0.055  0.000 0.138 weighted_cvl:comet22                                                                                                                                            
0.010            sel_accuracy  -0.006 -0.051 0.058 weighted_cvl:comet22                   {'weighted_cvl:comet22': 0.68, 'weighted_cvl:chrf': 0.18, 'weighted_cvl:qwen3_8b': 0.13, 'weighted_cvl:mistral_7b': 0.01}
0.010                 sel_rho   0.018  0.002 0.090 weighted_cvl:comet22                   {'weighted_cvl:comet22': 0.68, 'weighted_cvl:qwen3_8b': 0.16, 'weighted_cvl:chrf': 0.09, 'weighted_cvl:mistral_7b': 0.07}
0.010           sel_pilotcost   0.053  0.018 0.127 weighted_cvl:comet22 {'weighted': 0.54, 'weighted_cvl:comet22': 0.32, 'weighted_cvl:qwen3_8b': 0.07, 'weighted_cvl:mistral_7b': 0.04, 'weighted_cvl:chrf': 0.02}
0.020                weighted   0.000  0.000 0.023             weighted                                                                                                                                            
0.020       weighted_cvl:chrf   0.021  0.000 0.075             weighted                                                                                                                                            
0.020    weighted_cvl:comet22   0.021  0.001 0.136             weighted                                                                                                                                            
0.020 weighted_cvl:mistral_7b   0.031  0.010 0.149             weighted                                                                                                                                            
0.020   weighted_cvl:qwen3_8b   0.015  0.000 0.124             weighted                                                                                                                                            
0.020            sel_accuracy   0.023  0.003 0.144             weighted                   {'weighted_cvl:comet22': 0.68, 'weighted_cvl:chrf': 0.18, 'weighted_cvl:qwen3_8b': 0.13, 'weighted_cvl:mistral_7b': 0.01}
0.020                 sel_rho   0.027  0.005 0.148             weighted                   {'weighted_cvl:comet22': 0.68, 'weighted_cvl:qwen3_8b': 0.16, 'weighted_cvl:chrf': 0.09, 'weighted_cvl:mistral_7b': 0.07}
0.020           sel_pilotcost   0.013  0.003 0.103             weighted {'weighted': 0.76, 'weighted_cvl:comet22': 0.16, 'weighted_cvl:qwen3_8b': 0.05, 'weighted_cvl:mistral_7b': 0.02, 'weighted_cvl:chrf': 0.01}
