eps                                                                  0.005                      0.010                      0.020
metric              design                                                                                                      
HES_best_J50        chrf                              0.021 [-0.015,0.057]       0.021 [-0.004,0.039]       0.009 [-0.045,0.049]
                    comet22                           0.018 [-0.025,0.050]       0.035 [-0.009,0.077]       0.006 [-0.030,0.045]
                    inv_comet22                      -0.011 [-0.045,0.019]        0.000 [0.000,0.000]        0.000 [0.000,0.000]
                    mistral_7b                       -0.028 [-0.075,0.004]      -0.009 [-0.028,0.015]      -0.013 [-0.060,0.009]
                    qwen3_8b                         -0.020 [-0.062,0.015]      -0.015 [-0.046,0.007]       0.001 [-0.060,0.027]
HES_best_J80        chrf                              0.027 [-0.054,0.093]      -0.002 [-0.017,0.010]       0.007 [-0.006,0.026]
                    comet22                           0.050 [-0.029,0.119]       0.005 [-0.009,0.024]       0.014 [-0.005,0.040]
                    inv_comet22                       0.020 [-0.065,0.084]        0.000 [0.000,0.000]        0.000 [0.000,0.000]
                    mistral_7b                        0.013 [-0.083,0.074]      -0.007 [-0.034,0.011]     -0.015 [-0.035,-0.001]
                    qwen3_8b                         -0.014 [-0.093,0.066]      -0.023 [-0.074,0.001]      -0.006 [-0.025,0.011]
HES_uniform_J50     chrf                              0.014 [-0.010,0.035]      -0.006 [-0.041,0.018]      -0.075 [-0.128,0.039]
                    comet22                           0.033 [-0.007,0.071]       0.001 [-0.051,0.042]      -0.072 [-0.131,0.022]
                    inv_comet22                        0.000 [0.000,0.000]        0.000 [0.000,0.000]        0.000 [0.000,0.000]
                    mistral_7b                      -0.025 [-0.053,-0.002]     -0.035 [-0.064,-0.014]      -0.076 [-0.134,0.013]
                    qwen3_8b                          0.001 [-0.024,0.033]      -0.006 [-0.032,0.025]      -0.083 [-0.144,0.010]
HES_uniform_J80     chrf                              0.025 [-0.014,0.074]      -0.001 [-0.020,0.018]       0.004 [-0.011,0.025]
                    comet22                           0.028 [-0.029,0.086]      -0.007 [-0.060,0.025]       0.010 [-0.020,0.046]
                    inv_comet22                        0.000 [0.000,0.000]        0.000 [0.000,0.000]        0.000 [0.000,0.000]
                    mistral_7b                       -0.014 [-0.066,0.021]      -0.010 [-0.050,0.013]      -0.010 [-0.034,0.008]
                    qwen3_8b                         -0.026 [-0.082,0.019]      -0.004 [-0.037,0.040]      -0.001 [-0.033,0.026]
J50                 active_cvl:chrf              635.201 [603.961,667.668]  478.547 [457.070,501.478]  372.194 [361.831,391.565]
                    active_cvl:comet22           615.968 [591.896,646.762]  471.398 [455.386,498.513]  379.291 [366.498,393.252]
                    active_cvl:inv_comet22       625.286 [598.755,657.738]  469.790 [455.650,491.733]  377.458 [357.180,397.360]
                    active_cvl:mistral_7b        642.658 [612.359,670.980]  497.444 [471.041,520.775]  371.986 [358.241,393.000]
                    active_cvl:qwen3_8b          640.820 [607.514,668.195]  495.718 [469.302,525.727]  378.462 [356.961,395.547]
                    dedup                        644.843 [610.594,677.534]  500.862 [469.312,530.691]  371.710 [355.385,401.483]
                    sel_accuracy                 635.635 [612.940,667.281]  473.890 [454.013,514.696]  368.148 [358.240,386.883]
                    sel_pilotcost                644.383 [617.493,674.840]  490.159 [457.889,523.640]  371.622 [358.174,395.479]
                    sel_rho                      635.635 [609.840,665.129]  474.016 [455.777,508.189]  370.597 [363.396,387.745]
                    uniform                      730.167 [686.923,758.888]  553.576 [525.688,590.309]  378.857 [361.252,417.322]
                    uniform_cvl:chrf             720.029 [680.811,750.232]  557.060 [527.080,596.612]  407.117 [369.738,417.717]
                    uniform_cvl:comet22          705.909 [668.144,740.584]  552.954 [517.158,591.960]  406.255 [368.800,415.839]
                    uniform_cvl:inv_comet22      730.167 [686.923,758.888]  553.576 [525.688,590.309]  378.857 [361.252,417.322]
                    uniform_cvl:mistral_7b       748.161 [704.113,780.439]  572.975 [543.010,605.803]  407.613 [362.802,419.114]
                    uniform_cvl:qwen3_8b         729.533 [681.595,760.539]  556.906 [524.631,595.827]  410.378 [368.263,420.011]
                    weighted                     651.878 [621.594,683.430]  490.778 [462.088,517.757]  371.622 [357.662,395.847]
                    weighted_cvl:chrf            631.062 [606.596,662.282]  480.690 [459.616,508.163]  368.410 [362.321,392.874]
                    weighted_cvl:comet22         633.514 [609.881,662.868]  473.675 [453.620,506.963]  369.457 [359.736,385.004]
                    weighted_cvl:inv_comet22     651.878 [621.594,683.430]  490.778 [462.088,517.757]  371.622 [357.662,395.847]
                    weighted_cvl:mistral_7b      663.121 [630.018,690.032]  495.400 [469.468,525.768]  376.391 [363.659,392.844]
                    weighted_cvl:qwen3_8b        657.617 [625.018,685.039]  497.968 [469.887,525.178]  371.359 [361.304,397.748]
J80                 active_cvl:chrf             969.265 [898.084,1101.217]  744.248 [687.230,831.218]  484.228 [460.557,514.882]
                    active_cvl:comet22          967.547 [890.636,1105.578]  709.008 [643.935,766.779]  474.401 [455.759,499.489]
                    active_cvl:inv_comet22      981.479 [901.162,1122.296]  708.346 [647.586,760.305]  490.359 [466.322,508.646]
                    active_cvl:mistral_7b       977.800 [895.170,1116.151]  734.489 [685.569,773.313]  505.946 [484.346,520.337]
                    active_cvl:qwen3_8b         978.505 [884.663,1151.978]  728.620 [681.444,765.456]  509.418 [480.619,532.169]
                    dedup                      1003.160 [919.695,1128.117]  739.786 [702.547,806.177]  507.220 [479.948,526.667]
                    sel_accuracy                959.663 [864.174,1104.520]  726.904 [667.449,767.903]  495.400 [468.923,514.406]
                    sel_pilotcost               987.583 [914.787,1152.666]  733.427 [679.157,773.926]  504.400 [479.376,526.761]
                    sel_rho                     990.237 [888.084,1153.165]  734.498 [678.517,773.596]  498.567 [471.292,518.666]
                    uniform                   1184.796 [1045.489,1304.490]  820.898 [780.728,933.530]  554.601 [524.585,590.617]
                    uniform_cvl:chrf          1155.560 [1031.286,1289.471]  821.515 [781.228,925.864]  552.295 [524.110,584.749]
                    uniform_cvl:comet22       1151.889 [1034.311,1319.972]  827.004 [792.190,939.349]  549.221 [523.109,570.819]
                    uniform_cvl:inv_comet22   1184.796 [1045.489,1304.490]  820.898 [780.728,933.530]  554.601 [524.585,590.617]
                    uniform_cvl:mistral_7b    1201.143 [1054.131,1315.084]  828.900 [787.978,947.195]  560.055 [538.308,593.397]
                    uniform_cvl:qwen3_8b      1215.509 [1073.749,1326.398]  824.238 [786.866,940.724]  555.193 [529.324,584.478]
                    weighted                    983.120 [889.929,1121.156]  728.403 [666.567,770.062]  503.359 [475.414,526.638]
                    weighted_cvl:chrf           976.004 [883.053,1112.869]  729.825 [673.185,773.855]  499.765 [474.823,520.327]
                    weighted_cvl:comet22        953.384 [866.371,1087.355]  724.705 [667.449,765.155]  496.170 [470.674,513.171]
                    weighted_cvl:inv_comet22    983.120 [889.929,1121.156]  728.403 [666.567,770.062]  503.359 [475.414,526.638]
                    weighted_cvl:mistral_7b     990.237 [917.249,1139.474]  733.685 [682.192,768.670]  511.161 [490.167,526.804]
                    weighted_cvl:qwen3_8b      1016.814 [898.800,1159.184]  744.836 [694.566,819.632]  506.150 [480.306,525.621]
best_human          dedup                                                                         NaN                        NaN
                    weighted                                           NaN                                                      
inflation_J50       chrf                             -0.007 [-0.038,0.035]      -0.027 [-0.057,0.008]      -0.083 [-0.134,0.066]
                    comet22                           0.016 [-0.040,0.073]      -0.034 [-0.088,0.028]      -0.078 [-0.141,0.027]
                    inv_comet22                       0.011 [-0.019,0.045]        0.000 [0.000,0.000]        0.000 [0.000,0.000]
                    mistral_7b                        0.004 [-0.034,0.045]     -0.026 [-0.055,-0.001]      -0.063 [-0.123,0.040]
                    qwen3_8b                          0.021 [-0.018,0.071]       0.009 [-0.020,0.045]      -0.084 [-0.137,0.021]
inflation_J80       chrf                             -0.002 [-0.094,0.101]       0.001 [-0.017,0.022]      -0.003 [-0.028,0.016]
                    comet22                          -0.022 [-0.112,0.057]      -0.013 [-0.067,0.020]      -0.005 [-0.041,0.031]
                    inv_comet22                      -0.020 [-0.084,0.065]        0.000 [0.000,0.000]        0.000 [0.000,0.000]
                    mistral_7b                       -0.027 [-0.102,0.072]      -0.002 [-0.044,0.024]       0.006 [-0.016,0.027]
                    qwen3_8b                         -0.012 [-0.103,0.071]       0.018 [-0.005,0.070]       0.004 [-0.030,0.035]
max_wrong           ALL                                              0.007                      0.007                      0.000
pred_corr_logratio  ALL                                              0.966                      0.947                      0.670
save_vs_uniform_J50 dedup                              0.117 [0.094,0.144]        0.095 [0.068,0.138]        0.019 [0.011,0.138]
                    weighted                           0.107 [0.078,0.140]        0.113 [0.081,0.169]       0.019 [-0.060,0.111]
save_vs_uniform_J80 dedup                              0.153 [0.092,0.202]        0.099 [0.080,0.151]        0.085 [0.064,0.122]
                    weighted                           0.170 [0.098,0.214]        0.113 [0.089,0.181]        0.092 [0.060,0.132]
  eps                 selector  regret     lo    hi               oracle                                                                                                                                                                     picks
0.005                    dedup   0.021  0.000 0.059    weighted_cvl:chrf                                                                                                                                                                          
0.005        weighted_cvl:chrf   0.000  0.000 0.023    weighted_cvl:chrf                                                                                                                                                                          
0.005     weighted_cvl:comet22   0.004  0.000 0.029    weighted_cvl:chrf                                                                                                                                                                          
0.005 weighted_cvl:inv_comet22   0.032  0.011 0.061    weighted_cvl:chrf                                                                                                                                                                          
0.005  weighted_cvl:mistral_7b   0.050  0.023 0.083    weighted_cvl:chrf                                                                                                                                                                          
0.005    weighted_cvl:qwen3_8b   0.041  0.015 0.070    weighted_cvl:chrf                                                                                                                                                                          
0.005             sel_accuracy   0.007 -0.004 0.033    weighted_cvl:chrf                                                                                  {'weighted_cvl:comet22': 0.84, 'weighted_cvl:qwen3_8b': 0.09, 'weighted_cvl:chrf': 0.07}
0.005                  sel_rho   0.007 -0.005 0.032    weighted_cvl:chrf                                                 {'weighted_cvl:comet22': 0.81, 'weighted_cvl:qwen3_8b': 0.12, 'weighted_cvl:mistral_7b': 0.04, 'weighted_cvl:chrf': 0.03}
0.005            sel_pilotcost   0.021  0.003 0.058    weighted_cvl:chrf {'weighted_cvl:comet22': 0.57, 'dedup': 0.24, 'weighted_cvl:qwen3_8b': 0.09, 'weighted_cvl:chrf': 0.05, 'weighted_cvl:mistral_7b': 0.05, 'weighted_cvl:inv_comet22': 0.0}
0.010                 weighted   0.035  0.004 0.077 weighted_cvl:comet22                                                                                                                                                                          
0.010        weighted_cvl:chrf   0.014  0.000 0.050 weighted_cvl:comet22                                                                                                                                                                          
0.010     weighted_cvl:comet22   0.000  0.000 0.023 weighted_cvl:comet22                                                                                                                                                                          
0.010 weighted_cvl:inv_comet22   0.035  0.004 0.077 weighted_cvl:comet22                                                                                                                                                                          
0.010  weighted_cvl:mistral_7b   0.044  0.008 0.095 weighted_cvl:comet22                                                                                                                                                                          
0.010    weighted_cvl:qwen3_8b   0.049  0.014 0.099 weighted_cvl:comet22                                                                                                                                                                          
0.010             sel_accuracy   0.000 -0.010 0.042 weighted_cvl:comet22                                                                                  {'weighted_cvl:comet22': 0.84, 'weighted_cvl:qwen3_8b': 0.09, 'weighted_cvl:chrf': 0.07}
0.010                  sel_rho   0.001 -0.011 0.034 weighted_cvl:comet22                                                 {'weighted_cvl:comet22': 0.81, 'weighted_cvl:qwen3_8b': 0.12, 'weighted_cvl:mistral_7b': 0.04, 'weighted_cvl:chrf': 0.03}
0.010            sel_pilotcost   0.034  0.001 0.071 weighted_cvl:comet22                                {'weighted': 0.81, 'weighted_cvl:comet22': 0.15, 'weighted_cvl:qwen3_8b': 0.02, 'weighted_cvl:mistral_7b': 0.01, 'weighted_cvl:chrf': 0.0}
0.020                 weighted   0.009  0.000 0.053    weighted_cvl:chrf                                                                                                                                                                          
0.020        weighted_cvl:chrf   0.000  0.000 0.052    weighted_cvl:chrf                                                                                                                                                                          
0.020     weighted_cvl:comet22   0.003  0.000 0.039    weighted_cvl:chrf                                                                                                                                                                          
0.020 weighted_cvl:inv_comet22   0.009  0.000 0.053    weighted_cvl:chrf                                                                                                                                                                          
0.020  weighted_cvl:mistral_7b   0.021  0.003 0.070    weighted_cvl:chrf                                                                                                                                                                          
0.020    weighted_cvl:qwen3_8b   0.008  0.000 0.076    weighted_cvl:chrf                                                                                                                                                                          
0.020             sel_accuracy  -0.001 -0.008 0.048    weighted_cvl:chrf                                                                                  {'weighted_cvl:comet22': 0.84, 'weighted_cvl:qwen3_8b': 0.09, 'weighted_cvl:chrf': 0.07}
0.020                  sel_rho   0.006 -0.001 0.051    weighted_cvl:chrf                                                 {'weighted_cvl:comet22': 0.81, 'weighted_cvl:qwen3_8b': 0.12, 'weighted_cvl:mistral_7b': 0.04, 'weighted_cvl:chrf': 0.03}
0.020            sel_pilotcost   0.009  0.000 0.053    weighted_cvl:chrf                                                                                                                          {'weighted': 0.98, 'weighted_cvl:comet22': 0.02}
