eps                                                                0.01                       0.02
metric              design                                                                        
HES_best_J50        chrf                          -0.106 [-0.172,0.006]      -0.002 [-0.007,0.001]
                    comet22                       -0.039 [-0.115,0.096]      -0.002 [-0.007,0.001]
                    inv_comet22                   -0.047 [-0.116,0.013]      -0.002 [-0.007,0.001]
                    mistral_7b                    -0.122 [-0.228,0.000]      -0.002 [-0.007,0.001]
                    qwen3_8b                      -0.109 [-0.395,0.000]      -0.002 [-0.007,0.001]
HES_best_J80        chrf                          -0.003 [-0.066,0.056]      -0.014 [-0.127,0.235]
                    comet22                        0.024 [-0.059,0.111]       0.095 [-0.071,0.235]
                    inv_comet22                   -0.003 [-0.028,0.000]       0.015 [-0.091,0.258]
                    mistral_7b                   -0.139 [-0.224,-0.036]      -0.046 [-0.211,0.178]
                    qwen3_8b                      -0.011 [-0.110,0.089]      -0.020 [-0.187,0.234]
HES_uniform_J50     chrf                           0.000 [-0.730,0.009]        0.000 [0.000,0.000]
                    comet22                        0.000 [-0.643,0.123]        0.000 [0.000,0.000]
                    inv_comet22                    0.000 [-0.488,0.000]        0.000 [0.000,0.000]
                    mistral_7b                     0.000 [-0.727,0.034]        0.000 [0.000,0.000]
                    qwen3_8b                      -0.662 [-0.738,0.062]        0.000 [0.000,0.000]
HES_uniform_J80     chrf                           0.017 [-0.052,0.097]       0.015 [-0.299,0.057]
                    comet22                        0.032 [-0.074,0.210]      -0.015 [-0.320,0.117]
                    inv_comet22                     0.000 [0.000,0.000]       0.000 [-0.008,0.000]
                    mistral_7b                    -0.171 [-0.570,0.010]      -0.147 [-0.288,0.013]
                    qwen3_8b                       0.001 [-0.137,0.097]      -0.045 [-0.302,0.015]
J50                 active_cvl:chrf           107.457 [106.783,140.661]  107.457 [106.843,108.337]
                    active_cvl:comet22        124.489 [107.269,141.867]  107.843 [107.199,108.577]
                    active_cvl:inv_comet22    121.252 [107.352,128.825]  107.763 [107.058,108.533]
                    active_cvl:mistral_7b     124.287 [107.225,163.185]  107.657 [106.936,108.418]
                    active_cvl:qwen3_8b       126.052 [107.225,158.126]  107.837 [107.127,108.648]
                    dedup                     124.101 [106.887,156.115]  107.530 [106.858,108.331]
                    sel_accuracy              116.290 [107.302,123.252]  107.797 [107.223,108.632]
                    sel_pilotcost             107.797 [107.219,122.033]  107.703 [107.053,108.557]
                    sel_rho                   119.960 [107.691,127.615]  107.797 [107.223,108.632]
                    uniform                   107.883 [107.243,180.646]  107.883 [107.160,108.609]
                    uniform_cvl:chrf          107.883 [107.259,187.650]  107.883 [107.160,108.609]
                    uniform_cvl:comet22       107.883 [107.259,177.393]  107.883 [107.160,108.609]
                    uniform_cvl:inv_comet22   107.883 [107.259,183.052]  107.883 [107.160,108.609]
                    uniform_cvl:mistral_7b    107.883 [107.294,186.590]  107.883 [107.160,108.609]
                    uniform_cvl:qwen3_8b      179.259 [107.259,187.555]  107.883 [107.160,108.609]
                    weighted                  107.797 [107.219,123.856]  107.797 [107.223,108.632]
                    weighted_cvl:chrf         119.251 [107.302,141.505]  107.797 [107.223,108.632]
                    weighted_cvl:comet22      112.043 [107.299,127.820]  107.797 [107.223,108.632]
                    weighted_cvl:inv_comet22  112.893 [107.378,126.193]  107.797 [107.223,108.632]
                    weighted_cvl:mistral_7b   120.979 [107.665,135.292]  107.797 [107.223,108.632]
                    weighted_cvl:qwen3_8b     119.600 [107.360,152.369]  107.797 [107.223,108.632]
J80                 active_cvl:chrf           517.568 [346.873,659.709]  166.456 [133.506,180.785]
                    active_cvl:comet22        528.520 [353.645,618.089]  168.698 [146.857,185.973]
                    active_cvl:inv_comet22    524.628 [346.306,643.312]  183.149 [163.289,205.117]
                    active_cvl:mistral_7b     543.980 [376.671,678.009]  176.877 [151.064,218.010]
                    active_cvl:qwen3_8b       519.105 [386.772,609.914]  180.248 [158.637,194.659]
                    dedup                     336.129 [290.400,532.610]  157.697 [141.510,176.081]
                    sel_accuracy              489.630 [403.657,593.719]  156.824 [129.614,171.724]
                    sel_pilotcost             479.097 [404.801,578.612]  161.403 [141.756,186.525]
                    sel_rho                   527.935 [439.498,632.210]  168.505 [128.485,200.174]
                    uniform                   460.971 [377.040,721.713]  193.612 [143.897,218.552]
                    uniform_cvl:chrf          453.155 [370.839,719.565]  190.625 [151.045,220.459]
                    uniform_cvl:comet22       446.405 [372.132,622.869]  196.433 [145.776,224.789]
                    uniform_cvl:inv_comet22   460.971 [377.040,721.713]  193.612 [144.574,218.552]
                    uniform_cvl:mistral_7b    539.706 [423.369,848.566]  222.110 [146.890,243.720]
                    uniform_cvl:qwen3_8b      460.716 [411.079,714.092]  202.358 [146.669,230.985]
                    weighted                  457.818 [376.991,573.313]  155.385 [127.471,171.118]
                    weighted_cvl:chrf         459.000 [387.908,571.707]  159.964 [128.923,173.971]
                    weighted_cvl:comet22      446.942 [361.715,569.891]  142.703 [128.889,164.437]
                    weighted_cvl:inv_comet22  459.000 [380.084,578.361]  155.385 [127.374,171.118]
                    weighted_cvl:mistral_7b   521.232 [417.485,644.619]  164.978 [129.781,188.792]
                    weighted_cvl:qwen3_8b     462.654 [404.796,583.527]  160.781 [127.899,187.755]
best_human          dedup                                           NaN                           
                    weighted                                                                   NaN
inflation_J50       chrf                           0.106 [-0.707,0.193]       0.002 [-0.001,0.007]
                    comet22                        0.039 [-0.623,0.176]       0.002 [-0.001,0.007]
                    inv_comet22                    0.047 [-0.494,0.173]       0.002 [-0.001,0.007]
                    mistral_7b                     0.122 [-0.688,0.252]       0.002 [-0.001,0.007]
                    qwen3_8b                      -0.552 [-0.692,0.291]       0.002 [-0.001,0.007]
inflation_J80       chrf                           0.020 [-0.075,0.113]       0.030 [-0.238,0.139]
                    comet22                        0.008 [-0.107,0.242]      -0.110 [-0.374,0.128]
                    inv_comet22                     0.003 [0.000,0.028]      -0.015 [-0.261,0.091]
                    mistral_7b                    -0.032 [-0.406,0.189]      -0.101 [-0.329,0.134]
                    qwen3_8b                       0.011 [-0.145,0.182]      -0.026 [-0.351,0.163]
max_wrong           ALL                                           0.000                      0.000
pred_corr_logratio  ALL                                          -0.226                      0.443
save_vs_uniform_J50 dedup                         -0.150 [-0.429,0.300]       0.003 [-0.000,0.008]
                    weighted                       0.001 [-0.147,0.354]       0.001 [-0.003,0.005]
save_vs_uniform_J80 dedup                           0.271 [0.026,0.497]       0.186 [-0.000,0.306]
                    weighted                       0.007 [-0.115,0.251]        0.197 [0.091,0.386]
 eps                 selector  regret     lo    hi   oracle                                                                                                                                                       picks
0.01                 weighted   0.000  0.000 0.110 weighted                                                                                                                                                            
0.01        weighted_cvl:chrf   0.106  0.000 0.237 weighted                                                                                                                                                            
0.01     weighted_cvl:comet22   0.039  0.000 0.125 weighted                                                                                                                                                            
0.01 weighted_cvl:inv_comet22   0.047  0.000 0.126 weighted                                                                                                                                                            
0.01  weighted_cvl:mistral_7b   0.122  0.000 0.228 weighted                                                                                                                                                            
0.01    weighted_cvl:qwen3_8b   0.109  0.000 0.405 weighted                                                                                                                                                            
0.01             sel_accuracy   0.079 -0.001 0.120 weighted {'weighted_cvl:comet22': 0.43, 'weighted_cvl:chrf': 0.32, 'weighted_cvl:qwen3_8b': 0.11, 'weighted_cvl:mistral_7b': 0.09, 'weighted_cvl:inv_comet22': 0.04}
0.01                  sel_rho   0.113  0.000 0.181 weighted  {'weighted_cvl:comet22': 0.44, 'weighted_cvl:mistral_7b': 0.22, 'weighted_cvl:qwen3_8b': 0.2, 'weighted_cvl:chrf': 0.11, 'weighted_cvl:inv_comet22': 0.03}
0.01            sel_pilotcost   0.000 -0.023 0.095 weighted                   {'weighted': 0.75, 'weighted_cvl:comet22': 0.1, 'weighted_cvl:mistral_7b': 0.08, 'weighted_cvl:qwen3_8b': 0.07, 'weighted_cvl:chrf': 0.0}
0.02                    dedup   0.000  0.000 0.001    dedup                                                                                                                                                            
0.02        weighted_cvl:chrf   0.002  0.000 0.007    dedup                                                                                                                                                            
0.02     weighted_cvl:comet22   0.002  0.000 0.007    dedup                                                                                                                                                            
0.02 weighted_cvl:inv_comet22   0.002  0.000 0.007    dedup                                                                                                                                                            
0.02  weighted_cvl:mistral_7b   0.002  0.000 0.007    dedup                                                                                                                                                            
0.02    weighted_cvl:qwen3_8b   0.002  0.000 0.007    dedup                                                                                                                                                            
0.02             sel_accuracy   0.002  0.000 0.007    dedup {'weighted_cvl:comet22': 0.43, 'weighted_cvl:chrf': 0.32, 'weighted_cvl:qwen3_8b': 0.11, 'weighted_cvl:mistral_7b': 0.09, 'weighted_cvl:inv_comet22': 0.04}
0.02                  sel_rho   0.002  0.000 0.007    dedup  {'weighted_cvl:comet22': 0.44, 'weighted_cvl:mistral_7b': 0.22, 'weighted_cvl:qwen3_8b': 0.2, 'weighted_cvl:chrf': 0.11, 'weighted_cvl:inv_comet22': 0.03}
0.02            sel_pilotcost   0.002 -0.000 0.004    dedup                     {'dedup': 0.67, 'weighted_cvl:comet22': 0.11, 'weighted_cvl:mistral_7b': 0.1, 'weighted_cvl:qwen3_8b': 0.09, 'weighted_cvl:chrf': 0.03}
