eps                                                                0.01                       0.02
metric              design                                                                        
HES_best_J50        chrf                          -0.002 [-0.005,0.002]      -0.002 [-0.005,0.001]
                    comet22                       -0.002 [-0.005,0.002]      -0.002 [-0.005,0.001]
                    inv_comet22                   -0.002 [-0.005,0.002]      -0.002 [-0.005,0.001]
                    mistral_7b                    -0.002 [-0.006,0.002]      -0.002 [-0.005,0.001]
                    qwen3_8b                      -0.002 [-0.005,0.002]      -0.002 [-0.005,0.001]
HES_best_J80        chrf                         -0.108 [-0.207,-0.002]      -0.031 [-0.066,0.188]
                    comet22                       -0.069 [-0.119,0.006]      -0.018 [-0.044,0.094]
                    inv_comet22                  -0.123 [-0.194,-0.028]      -0.039 [-0.070,0.117]
                    mistral_7b                   -0.191 [-0.326,-0.085]      -0.053 [-0.093,0.109]
                    qwen3_8b                     -0.167 [-0.302,-0.054]      -0.053 [-0.105,0.139]
HES_uniform_J50     chrf                            0.000 [0.000,0.000]        0.000 [0.000,0.000]
                    comet22                         0.000 [0.000,0.000]        0.000 [0.000,0.000]
                    inv_comet22                     0.000 [0.000,0.000]        0.000 [0.000,0.000]
                    mistral_7b                      0.000 [0.000,0.000]        0.000 [0.000,0.000]
                    qwen3_8b                        0.000 [0.000,0.000]        0.000 [0.000,0.000]
HES_uniform_J80     chrf                           0.035 [-0.035,0.099]       0.007 [-0.036,0.036]
                    comet22                        0.039 [-0.026,0.110]       0.008 [-0.030,0.053]
                    inv_comet22                   -0.010 [-0.051,0.000]      -0.002 [-0.013,0.000]
                    mistral_7b                   -0.121 [-0.247,-0.050]      -0.024 [-0.107,0.000]
                    qwen3_8b                     -0.052 [-0.148,-0.005]      -0.017 [-0.097,0.004]
J50                 active_cvl:chrf           109.567 [108.783,110.361]  109.567 [108.928,110.412]
                    active_cvl:comet22        109.367 [108.610,110.035]  109.367 [108.565,110.179]
                    active_cvl:inv_comet22    109.533 [108.786,110.152]  109.533 [108.809,110.252]
                    active_cvl:mistral_7b     108.813 [108.163,109.574]  108.813 [108.141,109.635]
                    active_cvl:qwen3_8b       109.273 [108.678,109.933]  109.273 [108.547,109.982]
                    dedup                     109.127 [108.482,109.811]  109.127 [108.505,109.893]
                    sel_accuracy              109.293 [108.639,109.987]  109.293 [108.645,110.017]
                    sel_pilotcost             109.293 [108.628,110.029]  109.180 [108.564,109.923]
                    sel_rho                   109.293 [108.639,109.987]  109.293 [108.645,110.017]
                    uniform                   109.587 [108.950,110.157]  109.587 [108.936,110.326]
                    uniform_cvl:chrf          109.587 [108.950,110.157]  109.587 [108.936,110.326]
                    uniform_cvl:comet22       109.587 [108.950,110.157]  109.587 [108.936,110.326]
                    uniform_cvl:inv_comet22   109.587 [108.950,110.157]  109.587 [108.936,110.326]
                    uniform_cvl:mistral_7b    109.587 [108.950,110.157]  109.587 [108.936,110.326]
                    uniform_cvl:qwen3_8b      109.587 [108.950,110.157]  109.587 [108.936,110.326]
                    weighted                  109.293 [108.639,109.987]  109.293 [108.645,110.017]
                    weighted_cvl:chrf         109.293 [108.639,109.987]  109.293 [108.645,110.017]
                    weighted_cvl:comet22      109.293 [108.639,109.987]  109.293 [108.645,110.017]
                    weighted_cvl:inv_comet22  109.293 [108.639,109.987]  109.293 [108.645,110.017]
                    weighted_cvl:mistral_7b   109.293 [108.655,109.987]  109.293 [108.645,110.017]
                    weighted_cvl:qwen3_8b     109.293 [108.639,109.987]  109.293 [108.645,110.017]
J80                 active_cvl:chrf           191.311 [170.217,206.918]  137.301 [116.992,143.741]
                    active_cvl:comet22        185.408 [172.577,203.418]  134.480 [110.055,139.395]
                    active_cvl:inv_comet22    202.058 [176.966,223.728]  134.433 [114.267,139.516]
                    active_cvl:mistral_7b     228.594 [202.301,277.746]  138.020 [111.831,145.960]
                    active_cvl:qwen3_8b       211.513 [181.618,240.924]  140.207 [130.887,145.769]
                    dedup                     177.496 [170.600,198.689]  130.921 [126.137,138.916]
                    sel_accuracy              201.463 [186.559,216.513]  134.747 [124.171,141.158]
                    sel_pilotcost             190.395 [173.615,214.978]  133.265 [126.699,139.390]
                    sel_rho                   196.579 [176.243,217.590]  136.213 [115.096,141.508]
                    uniform                   205.413 [180.007,229.528]  140.982 [133.531,148.591]
                    uniform_cvl:chrf          198.137 [178.387,214.784]  140.064 [133.793,148.352]
                    uniform_cvl:comet22       197.347 [177.842,213.505]  139.786 [132.470,147.008]
                    uniform_cvl:inv_comet22   207.492 [183.176,231.742]  141.261 [135.237,148.660]
                    uniform_cvl:mistral_7b    230.364 [208.300,258.746]  144.296 [137.402,158.534]
                    uniform_cvl:qwen3_8b      216.006 [199.080,241.030]  143.374 [137.821,153.771]
                    weighted                  198.590 [177.782,213.701]  136.003 [109.414,141.458]
                    weighted_cvl:chrf         196.579 [173.584,217.122]  135.022 [108.952,141.472]
                    weighted_cvl:comet22      189.742 [175.245,205.200]  133.339 [115.642,139.468]
                    weighted_cvl:inv_comet22  199.394 [178.815,213.792]  136.003 [112.993,141.458]
                    weighted_cvl:mistral_7b   211.387 [187.377,239.000]  137.856 [113.393,143.608]
                    weighted_cvl:qwen3_8b     207.209 [185.060,232.904]  137.856 [113.211,142.142]
best_human          dedup                                                                         
inflation_J50       chrf                           0.002 [-0.002,0.005]       0.002 [-0.001,0.005]
                    comet22                        0.002 [-0.002,0.005]       0.002 [-0.001,0.005]
                    inv_comet22                    0.002 [-0.002,0.005]       0.002 [-0.001,0.005]
                    mistral_7b                     0.002 [-0.002,0.006]       0.002 [-0.001,0.005]
                    qwen3_8b                       0.002 [-0.002,0.005]       0.002 [-0.001,0.005]
inflation_J80       chrf                            0.143 [0.020,0.279]       0.038 [-0.210,0.082]
                    comet22                         0.108 [0.012,0.179]       0.027 [-0.142,0.063]
                    inv_comet22                     0.113 [0.006,0.174]       0.037 [-0.120,0.064]
                    mistral_7b                     0.069 [-0.078,0.187]       0.029 [-0.155,0.082]
                    qwen3_8b                       0.116 [-0.047,0.237]       0.036 [-0.172,0.084]
max_wrong           ALL                                           0.043                      0.000
pred_corr_logratio  ALL                                           0.563                      0.565
save_vs_uniform_J50 dedup                           0.004 [0.000,0.007]        0.004 [0.000,0.009]
                    weighted                       0.003 [-0.002,0.006]       0.003 [-0.001,0.006]
save_vs_uniform_J80 dedup                           0.136 [0.047,0.215]        0.071 [0.021,0.118]
                    weighted                       0.033 [-0.043,0.114]       0.035 [-0.001,0.171]
 eps                 selector  regret     lo    hi oracle                                                                                                                                                                    picks
0.01                    dedup   0.000  0.000 0.002  dedup                                                                                                                                                                         
0.01        weighted_cvl:chrf   0.002  0.000 0.005  dedup                                                                                                                                                                         
0.01     weighted_cvl:comet22   0.002  0.000 0.005  dedup                                                                                                                                                                         
0.01 weighted_cvl:inv_comet22   0.002  0.000 0.005  dedup                                                                                                                                                                         
0.01  weighted_cvl:mistral_7b   0.002  0.000 0.006  dedup                                                                                                                                                                         
0.01    weighted_cvl:qwen3_8b   0.002  0.000 0.005  dedup                                                                                                                                                                         
0.01             sel_accuracy   0.002  0.000 0.005  dedup               {'weighted_cvl:comet22': 0.48, 'weighted_cvl:chrf': 0.22, 'weighted_cvl:mistral_7b': 0.18, 'weighted_cvl:qwen3_8b': 0.12, 'weighted_cvl:inv_comet22': 0.0}
0.01                  sel_rho   0.002  0.000 0.005  dedup              {'weighted_cvl:comet22': 0.59, 'weighted_cvl:qwen3_8b': 0.21, 'weighted_cvl:chrf': 0.12, 'weighted_cvl:mistral_7b': 0.06, 'weighted_cvl:inv_comet22': 0.01}
0.01            sel_pilotcost   0.002 -0.000 0.004  dedup {'dedup': 0.5, 'weighted_cvl:comet22': 0.28, 'weighted_cvl:qwen3_8b': 0.1, 'weighted_cvl:chrf': 0.07, 'weighted_cvl:mistral_7b': 0.04, 'weighted_cvl:inv_comet22': 0.01}
0.02                    dedup   0.000  0.000 0.001  dedup                                                                                                                                                                         
0.02        weighted_cvl:chrf   0.002  0.000 0.005  dedup                                                                                                                                                                         
0.02     weighted_cvl:comet22   0.002  0.000 0.005  dedup                                                                                                                                                                         
0.02 weighted_cvl:inv_comet22   0.002  0.000 0.005  dedup                                                                                                                                                                         
0.02  weighted_cvl:mistral_7b   0.002  0.000 0.005  dedup                                                                                                                                                                         
0.02    weighted_cvl:qwen3_8b   0.002  0.000 0.005  dedup                                                                                                                                                                         
0.02             sel_accuracy   0.002  0.000 0.005  dedup               {'weighted_cvl:comet22': 0.48, 'weighted_cvl:chrf': 0.22, 'weighted_cvl:mistral_7b': 0.18, 'weighted_cvl:qwen3_8b': 0.12, 'weighted_cvl:inv_comet22': 0.0}
0.02                  sel_rho   0.002  0.000 0.005  dedup              {'weighted_cvl:comet22': 0.59, 'weighted_cvl:qwen3_8b': 0.21, 'weighted_cvl:chrf': 0.12, 'weighted_cvl:mistral_7b': 0.06, 'weighted_cvl:inv_comet22': 0.01}
0.02            sel_pilotcost   0.000 -0.001 0.002  dedup                                 {'dedup': 0.87, 'weighted_cvl:comet22': 0.07, 'weighted_cvl:qwen3_8b': 0.03, 'weighted_cvl:chrf': 0.02, 'weighted_cvl:mistral_7b': 0.01}
