eps                                                                   0.01                       0.02
metric              design                                                                           
HES_best_J50        chrf                             -0.074 [-0.245,0.030]      -0.015 [-0.119,0.083]
                    comet22                          -0.103 [-0.272,0.042]      -0.055 [-0.172,0.026]
                    inv_comet22                      -0.027 [-0.206,0.036]      -0.021 [-0.133,0.061]
                    mistral_7b                       -0.011 [-0.153,0.061]      -0.040 [-0.157,0.043]
                    qwen3_8b                         -0.017 [-0.167,0.055]      -0.059 [-0.196,0.012]
HES_best_J80        chrf                            -0.112 [-0.208,-0.007]      -0.014 [-0.101,0.052]
                    comet22                         -0.108 [-0.231,-0.013]      -0.031 [-0.109,0.047]
                    inv_comet22                     -0.109 [-0.209,-0.006]      -0.012 [-0.087,0.061]
                    mistral_7b                       -0.072 [-0.174,0.021]      -0.024 [-0.124,0.065]
                    qwen3_8b                         -0.048 [-0.139,0.038]      -0.035 [-0.137,0.053]
HES_uniform_J50     chrf                             -0.000 [-0.072,0.063]       0.014 [-0.024,0.054]
                    comet22                           0.010 [-0.082,0.097]      -0.006 [-0.060,0.037]
                    inv_comet22                      -0.007 [-0.034,0.000]      -0.003 [-0.011,0.000]
                    mistral_7b                       -0.043 [-0.120,0.029]      -0.040 [-0.096,0.009]
                    qwen3_8b                         -0.084 [-0.150,0.019]      -0.014 [-0.073,0.027]
HES_uniform_J80     chrf                             -0.047 [-0.094,0.026]      -0.017 [-0.063,0.011]
                    comet22                          -0.049 [-0.093,0.015]       0.028 [-0.006,0.082]
                    inv_comet22                      -0.000 [-0.007,0.002]      -0.002 [-0.009,0.000]
                    mistral_7b                        0.028 [-0.018,0.063]      -0.007 [-0.051,0.020]
                    qwen3_8b                          0.021 [-0.019,0.060]      -0.013 [-0.073,0.043]
J50                 active_cvl:chrf              635.465 [556.278,763.783]  286.113 [264.845,309.101]
                    active_cvl:comet22           669.013 [548.976,801.277]  290.506 [269.868,318.099]
                    active_cvl:inv_comet22       645.775 [548.379,837.938]  299.853 [276.421,332.182]
                    active_cvl:mistral_7b        576.596 [526.747,741.586]  304.992 [246.376,337.890]
                    active_cvl:qwen3_8b          671.122 [560.617,812.636]  287.618 [248.513,325.124]
                    dedup                        572.126 [517.046,675.060]  271.206 [243.407,295.204]
                    sel_accuracy                 605.589 [528.716,722.109]  288.551 [268.704,310.804]
                    sel_pilotcost                581.797 [513.862,753.333]  290.601 [266.322,312.425]
                    sel_rho                      582.445 [521.358,693.203]  295.793 [272.573,325.494]
                    uniform                      585.428 [524.683,676.531]  282.000 [262.788,306.405]
                    uniform_cvl:chrf             585.653 [524.273,693.355]  278.001 [252.636,307.221]
                    uniform_cvl:comet22          579.346 [515.073,689.547]  283.636 [266.573,303.576]
                    uniform_cvl:inv_comet22      589.813 [525.197,683.932]  282.878 [263.954,306.642]
                    uniform_cvl:mistral_7b       610.621 [524.986,737.124]  293.170 [271.431,320.935]
                    uniform_cvl:qwen3_8b         634.680 [543.972,718.463]  285.999 [265.982,309.638]
                    weighted                     597.330 [533.734,727.633]  278.060 [245.847,307.187]
                    weighted_cvl:chrf            614.567 [528.126,754.449]  275.358 [242.704,305.302]
                    weighted_cvl:comet22         630.920 [529.901,740.906]  286.167 [260.582,316.501]
                    weighted_cvl:inv_comet22     587.633 [527.983,727.633]  276.902 [245.847,306.782]
                    weighted_cvl:mistral_7b      578.172 [527.042,702.386]  282.113 [252.946,309.610]
                    weighted_cvl:qwen3_8b        582.087 [521.586,711.918]  287.325 [256.269,311.641]
J80                 active_cvl:chrf           1935.913 [1655.908,2223.992]  577.261 [548.773,672.648]
                    active_cvl:comet22        2025.210 [1849.217,2178.405]  578.614 [549.618,692.540]
                    active_cvl:inv_comet22    1991.667 [1765.967,2158.325]  582.006 [549.260,704.882]
                    active_cvl:mistral_7b     2031.904 [1805.173,2282.087]  617.035 [555.601,719.028]
                    active_cvl:qwen3_8b       1966.299 [1775.192,2135.706]  619.854 [560.606,699.280]
                    dedup                     1636.036 [1484.249,1853.604]  524.129 [480.348,567.464]
                    sel_accuracy              1776.225 [1603.557,1999.514]  538.142 [493.162,599.135]
                    sel_pilotcost             1810.517 [1651.092,2006.765]  556.709 [518.725,617.280]
                    sel_rho                   1795.830 [1622.384,2008.922]  551.443 [503.162,611.735]
                    uniform                   1754.184 [1612.444,1969.342]  551.183 [519.737,603.843]
                    uniform_cvl:chrf          1836.133 [1656.446,2054.582]  560.692 [523.959,617.498]
                    uniform_cvl:comet22       1840.286 [1619.827,2014.568]  535.731 [488.819,575.930]
                    uniform_cvl:inv_comet22   1754.792 [1612.444,1971.756]  552.082 [522.562,603.843]
                    uniform_cvl:mistral_7b    1705.398 [1590.829,1923.980]  555.046 [519.145,617.352]
                    uniform_cvl:qwen3_8b      1718.138 [1578.350,1932.221]  558.265 [507.383,622.247]
                    weighted                  1812.486 [1639.299,1996.560]  529.144 [494.310,571.189]
                    weighted_cvl:chrf         1818.702 [1637.481,2002.702]  531.687 [497.541,574.864]
                    weighted_cvl:comet22      1812.486 [1646.003,1998.759]  540.556 [499.340,592.592]
                    weighted_cvl:inv_comet22  1814.455 [1632.311,2011.717]  530.443 [495.148,571.357]
                    weighted_cvl:mistral_7b   1754.441 [1613.017,1987.020]  536.840 [491.416,589.860]
                    weighted_cvl:qwen3_8b     1714.457 [1542.895,1928.385]  542.266 [499.955,595.754]
best_human          dedup                                                                            
inflation_J50       chrf                              0.074 [-0.041,0.235]       0.029 [-0.063,0.144]
                    comet22                           0.113 [-0.063,0.345]       0.049 [-0.035,0.172]
                    inv_comet22                       0.020 [-0.047,0.191]       0.018 [-0.065,0.130]
                    mistral_7b                       -0.032 [-0.158,0.141]       0.001 [-0.108,0.122]
                    qwen3_8b                         -0.067 [-0.156,0.108]       0.045 [-0.050,0.167]
inflation_J80       chrf                              0.065 [-0.040,0.216]      -0.003 [-0.068,0.071]
                    comet22                           0.059 [-0.017,0.186]       0.059 [-0.003,0.156]
                    inv_comet22                        0.109 [0.005,0.208]       0.010 [-0.061,0.084]
                    mistral_7b                         0.100 [0.019,0.217]       0.017 [-0.063,0.106]
                    qwen3_8b                          0.068 [-0.017,0.174]       0.022 [-0.082,0.128]
max_wrong           ALL                                              0.000                      0.000
pred_corr_logratio  ALL                                             -0.596                     -0.483
save_vs_uniform_J50 dedup                             0.023 [-0.036,0.079]       0.038 [-0.019,0.114]
                    weighted                         -0.020 [-0.162,0.073]       0.014 [-0.057,0.100]
save_vs_uniform_J80 dedup                              0.067 [0.014,0.131]        0.049 [0.016,0.119]
                    weighted                         -0.033 [-0.116,0.054]       0.040 [-0.026,0.142]
 eps                 selector  regret     lo    hi oracle                                                                                                                                                                      picks
0.01                    dedup   0.000  0.000 0.091  dedup                                                                                                                                                                           
0.01        weighted_cvl:chrf   0.074  0.006 0.245  dedup                                                                                                                                                                           
0.01     weighted_cvl:comet22   0.103  0.000 0.290  dedup                                                                                                                                                                           
0.01 weighted_cvl:inv_comet22   0.027  0.000 0.206  dedup                                                                                                                                                                           
0.01  weighted_cvl:mistral_7b   0.011  0.000 0.194  dedup                                                                                                                                                                           
0.01    weighted_cvl:qwen3_8b   0.017  0.000 0.204  dedup                                                                                                                                                                           
0.01             sel_accuracy   0.058 -0.005 0.257  dedup                 {'weighted_cvl:comet22': 0.29, 'weighted_cvl:qwen3_8b': 0.26, 'weighted_cvl:chrf': 0.23, 'weighted_cvl:mistral_7b': 0.2, 'weighted_cvl:inv_comet22': 0.02}
0.01                  sel_rho   0.018 -0.029 0.211  dedup                 {'weighted_cvl:qwen3_8b': 0.38, 'weighted_cvl:comet22': 0.34, 'weighted_cvl:mistral_7b': 0.2, 'weighted_cvl:chrf': 0.05, 'weighted_cvl:inv_comet22': 0.02}
0.01            sel_pilotcost   0.017 -0.027 0.268  dedup {'dedup': 0.29, 'weighted_cvl:comet22': 0.26, 'weighted_cvl:qwen3_8b': 0.25, 'weighted_cvl:mistral_7b': 0.14, 'weighted_cvl:chrf': 0.04, 'weighted_cvl:inv_comet22': 0.02}
0.02                    dedup   0.000  0.000 0.083  dedup                                                                                                                                                                           
0.02        weighted_cvl:chrf   0.015  0.000 0.119  dedup                                                                                                                                                                           
0.02     weighted_cvl:comet22   0.055  0.013 0.176  dedup                                                                                                                                                                           
0.02 weighted_cvl:inv_comet22   0.021  0.000 0.133  dedup                                                                                                                                                                           
0.02  weighted_cvl:mistral_7b   0.040  0.000 0.172  dedup                                                                                                                                                                           
0.02    weighted_cvl:qwen3_8b   0.059  0.015 0.203  dedup                                                                                                                                                                           
0.02             sel_accuracy   0.064  0.010 0.204  dedup                 {'weighted_cvl:comet22': 0.29, 'weighted_cvl:qwen3_8b': 0.26, 'weighted_cvl:chrf': 0.23, 'weighted_cvl:mistral_7b': 0.2, 'weighted_cvl:inv_comet22': 0.02}
0.02                  sel_rho   0.091  0.039 0.219  dedup                 {'weighted_cvl:qwen3_8b': 0.38, 'weighted_cvl:comet22': 0.34, 'weighted_cvl:mistral_7b': 0.2, 'weighted_cvl:chrf': 0.05, 'weighted_cvl:inv_comet22': 0.02}
0.02            sel_pilotcost   0.072  0.021 0.209  dedup {'dedup': 0.44, 'weighted_cvl:comet22': 0.22, 'weighted_cvl:qwen3_8b': 0.19, 'weighted_cvl:mistral_7b': 0.11, 'weighted_cvl:chrf': 0.03, 'weighted_cvl:inv_comet22': 0.01}
