eps                                                                   0.01                       0.02
metric              design                                                                           
HES_best_J50        chrf                             -0.057 [-0.377,0.092]      -0.055 [-0.254,0.061]
                    comet22                          -0.056 [-0.489,0.083]      -0.059 [-0.241,0.039]
                    inv_comet22                      -0.045 [-0.254,0.077]      -0.050 [-0.262,0.065]
                    mistral_7b                       -0.124 [-0.339,0.014]      -0.068 [-0.293,0.082]
                    qwen3_8b                         -0.053 [-0.248,0.091]      -0.111 [-0.347,0.018]
HES_best_J80        chrf                            -0.066 [-0.167,-0.010]      -0.066 [-0.189,0.013]
                    comet22                         -0.067 [-0.174,-0.012]      -0.057 [-0.147,0.022]
                    inv_comet22                     -0.072 [-0.177,-0.025]     -0.085 [-0.235,-0.001]
                    mistral_7b                      -0.098 [-0.216,-0.046]      -0.077 [-0.218,0.001]
                    qwen3_8b                        -0.073 [-0.169,-0.017]      -0.082 [-0.212,0.001]
HES_uniform_J50     chrf                              0.020 [-0.084,0.095]       0.020 [-0.084,0.241]
                    comet22                           0.123 [-0.019,0.248]       0.060 [-0.113,0.171]
                    inv_comet22                      -0.013 [-0.053,0.019]       0.011 [-0.002,0.026]
                    mistral_7b                       -0.017 [-0.134,0.056]       0.009 [-0.097,0.232]
                    qwen3_8b                          0.050 [-0.064,0.173]       0.020 [-0.153,0.161]
HES_uniform_J80     chrf                             -0.009 [-0.035,0.007]      -0.008 [-0.087,0.045]
                    comet22                           0.018 [-0.004,0.046]      -0.017 [-0.113,0.058]
                    inv_comet22                        0.000 [0.000,0.000]      -0.004 [-0.029,0.000]
                    mistral_7b                       -0.014 [-0.037,0.005]      -0.031 [-0.124,0.006]
                    qwen3_8b                          0.020 [-0.015,0.072]      -0.031 [-0.140,0.022]
J50                 active_cvl:chrf              609.303 [547.950,764.497]  307.437 [264.646,348.929]
                    active_cvl:comet22           728.317 [559.456,955.745]  304.514 [280.604,337.700]
                    active_cvl:inv_comet22      881.202 [544.199,1012.374]  296.082 [268.307,330.831]
                    active_cvl:mistral_7b        794.334 [574.772,959.056]  301.496 [248.863,340.063]
                    active_cvl:qwen3_8b          651.697 [529.663,888.197]  285.217 [231.197,323.892]
                    dedup                        548.971 [489.289,656.868]  256.157 [223.924,289.765]
                    sel_accuracy                 571.883 [521.664,712.302]  276.463 [230.518,313.933]
                    sel_pilotcost                566.301 [521.022,663.480]  284.830 [234.910,327.416]
                    sel_rho                      579.991 [523.427,712.017]  293.111 [232.371,328.495]
                    uniform                      687.743 [560.101,843.641]  298.223 [231.519,332.417]
                    uniform_cvl:chrf             674.183 [566.333,849.746]  292.224 [229.529,330.362]
                    uniform_cvl:comet22          602.995 [536.043,827.511]  280.227 [236.453,326.282]
                    uniform_cvl:inv_comet22      696.807 [558.140,852.698]  295.047 [231.915,330.810]
                    uniform_cvl:mistral_7b       699.137 [578.999,843.615]  295.652 [230.190,333.788]
                    uniform_cvl:qwen3_8b         653.300 [557.344,748.518]  292.224 [234.645,333.764]
                    weighted                     577.043 [532.853,722.245]  269.035 [228.788,317.235]
                    weighted_cvl:chrf            580.377 [532.418,812.243]  270.167 [225.110,319.459]
                    weighted_cvl:comet22         579.783 [527.180,848.712]  271.289 [230.237,301.339]
                    weighted_cvl:inv_comet22     573.685 [532.853,706.135]  269.035 [228.788,317.235]
                    weighted_cvl:mistral_7b      616.878 [549.578,763.977]  273.611 [222.279,325.648]
                    weighted_cvl:qwen3_8b        578.271 [510.374,689.881]  284.594 [230.295,326.550]
J80                 active_cvl:chrf           1657.845 [1564.331,1802.676]  580.538 [541.622,664.925]
                    active_cvl:comet22        1595.768 [1537.010,1658.774]  597.656 [547.659,681.573]
                    active_cvl:inv_comet22    1630.466 [1571.523,1714.208]  636.372 [550.632,708.376]
                    active_cvl:mistral_7b     1677.537 [1594.868,1794.819]  596.284 [540.343,659.252]
                    active_cvl:qwen3_8b       1702.386 [1607.771,1878.645]  576.127 [521.304,663.578]
                    dedup                     1386.469 [1247.389,1458.922]  502.349 [444.279,543.890]
                    sel_accuracy              1491.544 [1410.660,1560.183]  539.886 [490.458,583.448]
                    sel_pilotcost             1471.147 [1364.244,1554.053]  546.629 [496.005,600.043]
                    sel_rho                   1493.578 [1399.206,1577.754]  551.480 [502.552,614.718]
                    uniform                   1508.527 [1429.027,1575.580]  517.733 [461.409,572.652]
                    uniform_cvl:chrf          1521.780 [1449.460,1586.032]  521.940 [460.781,585.904]
                    uniform_cvl:comet22       1480.778 [1382.561,1540.760]  526.498 [471.181,576.869]
                    uniform_cvl:inv_comet22   1508.527 [1429.027,1575.580]  520.001 [471.287,574.806]
                    uniform_cvl:mistral_7b    1529.945 [1442.816,1603.755]  533.958 [499.970,586.890]
                    uniform_cvl:qwen3_8b      1478.033 [1327.486,1568.935]  533.958 [496.838,575.914]
                    weighted                  1486.855 [1392.334,1559.975]  545.172 [496.325,600.276]
                    weighted_cvl:chrf         1477.423 [1394.779,1545.701]  535.632 [487.798,586.805]
                    weighted_cvl:comet22      1478.960 [1394.243,1552.543]  530.862 [477.663,576.977]
                    weighted_cvl:inv_comet22  1486.855 [1392.334,1559.975]  545.172 [496.325,600.276]
                    weighted_cvl:mistral_7b   1521.999 [1435.048,1590.268]  541.155 [491.905,584.101]
                    weighted_cvl:qwen3_8b     1487.014 [1382.909,1579.110]  543.363 [490.998,603.067]
best_human          dedup                                                                            
inflation_J50       chrf                              0.077 [-0.072,0.386]       0.075 [-0.059,0.430]
                    comet22                           0.179 [-0.000,0.483]       0.119 [-0.082,0.350]
                    inv_comet22                       0.032 [-0.083,0.251]       0.061 [-0.058,0.268]
                    mistral_7b                        0.107 [-0.077,0.326]       0.077 [-0.116,0.383]
                    qwen3_8b                          0.103 [-0.057,0.352]       0.131 [-0.029,0.458]
inflation_J80       chrf                               0.057 [0.002,0.156]       0.058 [-0.030,0.181]
                    comet22                            0.085 [0.028,0.205]       0.040 [-0.042,0.134]
                    inv_comet22                        0.072 [0.025,0.177]       0.081 [-0.000,0.199]
                    mistral_7b                         0.084 [0.025,0.207]       0.046 [-0.056,0.148]
                    qwen3_8b                           0.093 [0.037,0.203]       0.050 [-0.072,0.150]
max_wrong           ALL                                              0.000                      0.000
pred_corr_logratio  ALL                                             -0.130                     -0.089
save_vs_uniform_J50 dedup                              0.202 [0.064,0.352]        0.141 [0.011,0.259]
                    weighted                           0.161 [0.009,0.319]       0.098 [-0.095,0.229]
save_vs_uniform_J80 dedup                              0.081 [0.041,0.159]       0.030 [-0.042,0.094]
                    weighted                          0.014 [-0.030,0.060]      -0.053 [-0.170,0.026]
 eps                 selector  regret     lo    hi oracle                                                                                                                                                                     picks
0.01                    dedup   0.000  0.000 0.110  dedup                                                                                                                                                                          
0.01        weighted_cvl:chrf   0.057  0.000 0.377  dedup                                                                                                                                                                          
0.01     weighted_cvl:comet22   0.056  0.000 0.489  dedup                                                                                                                                                                          
0.01 weighted_cvl:inv_comet22   0.045  0.000 0.254  dedup                                                                                                                                                                          
0.01  weighted_cvl:mistral_7b   0.124  0.043 0.339  dedup                                                                                                                                                                          
0.01    weighted_cvl:qwen3_8b   0.053  0.000 0.248  dedup                                                                                                                                                                          
0.01             sel_accuracy   0.042 -0.010 0.263  dedup               {'weighted_cvl:comet22': 0.34, 'weighted_cvl:qwen3_8b': 0.32, 'weighted_cvl:mistral_7b': 0.18, 'weighted_cvl:chrf': 0.13, 'weighted_cvl:inv_comet22': 0.03}
0.01                  sel_rho   0.057  0.006 0.231  dedup               {'weighted_cvl:qwen3_8b': 0.42, 'weighted_cvl:comet22': 0.32, 'weighted_cvl:chrf': 0.12, 'weighted_cvl:mistral_7b': 0.09, 'weighted_cvl:inv_comet22': 0.04}
0.01            sel_pilotcost   0.032 -0.020 0.160  dedup {'dedup': 0.32, 'weighted_cvl:qwen3_8b': 0.3, 'weighted_cvl:comet22': 0.21, 'weighted_cvl:chrf': 0.07, 'weighted_cvl:mistral_7b': 0.07, 'weighted_cvl:inv_comet22': 0.03}
0.02                    dedup   0.000  0.000 0.083  dedup                                                                                                                                                                          
0.02        weighted_cvl:chrf   0.055  0.000 0.283  dedup                                                                                                                                                                          
0.02     weighted_cvl:comet22   0.059  0.000 0.241  dedup                                                                                                                                                                          
0.02 weighted_cvl:inv_comet22   0.050  0.000 0.294  dedup                                                                                                                                                                          
0.02  weighted_cvl:mistral_7b   0.068  0.000 0.293  dedup                                                                                                                                                                          
0.02    weighted_cvl:qwen3_8b   0.111  0.021 0.368  dedup                                                                                                                                                                          
0.02             sel_accuracy   0.079  0.011 0.261  dedup               {'weighted_cvl:comet22': 0.34, 'weighted_cvl:qwen3_8b': 0.32, 'weighted_cvl:mistral_7b': 0.18, 'weighted_cvl:chrf': 0.13, 'weighted_cvl:inv_comet22': 0.03}
0.02                  sel_rho   0.144  0.034 0.380  dedup               {'weighted_cvl:qwen3_8b': 0.42, 'weighted_cvl:comet22': 0.32, 'weighted_cvl:chrf': 0.12, 'weighted_cvl:mistral_7b': 0.09, 'weighted_cvl:inv_comet22': 0.04}
0.02            sel_pilotcost   0.112  0.030 0.376  dedup {'dedup': 0.5, 'weighted_cvl:qwen3_8b': 0.23, 'weighted_cvl:comet22': 0.15, 'weighted_cvl:chrf': 0.06, 'weighted_cvl:mistral_7b': 0.04, 'weighted_cvl:inv_comet22': 0.02}
