eps                                                                   0.01                       0.02
metric              design                                                                           
HES_best_J50        chrf                            -0.157 [-0.306,-0.012]      -0.006 [-0.032,0.032]
                    comet22                          -0.140 [-0.301,0.007]     -0.055 [-0.111,-0.018]
                    inv_comet22                      -0.144 [-0.303,0.021]      -0.008 [-0.035,0.010]
                    mistral_7b                      -0.170 [-0.320,-0.029]       0.001 [-0.023,0.050]
                    qwen3_8b                         -0.139 [-0.321,0.020]       0.007 [-0.046,0.048]
HES_best_J80        chrf                            -0.098 [-0.216,-0.035]     -0.021 [-0.049,-0.002]
                    comet22                         -0.096 [-0.218,-0.030]     -0.030 [-0.071,-0.008]
                    inv_comet22                     -0.097 [-0.236,-0.048]      -0.005 [-0.019,0.000]
                    mistral_7b                      -0.102 [-0.215,-0.041]      -0.023 [-0.069,0.002]
                    qwen3_8b                        -0.108 [-0.240,-0.050]      -0.005 [-0.030,0.020]
HES_uniform_J50     chrf                             -0.031 [-0.067,0.005]      -0.041 [-0.106,0.040]
                    comet22                          -0.002 [-0.047,0.053]      -0.040 [-0.145,0.018]
                    inv_comet22                      -0.004 [-0.022,0.001]       0.000 [-0.019,0.016]
                    mistral_7b                       -0.035 [-0.076,0.019]       0.015 [-0.023,0.071]
                    qwen3_8b                        -0.081 [-0.141,-0.009]      -0.023 [-0.072,0.013]
HES_uniform_J80     chrf                             -0.008 [-0.041,0.018]      -0.016 [-0.068,0.010]
                    comet22                          -0.017 [-0.050,0.019]     -0.049 [-0.124,-0.001]
                    inv_comet22                      -0.007 [-0.021,0.000]      -0.007 [-0.025,0.000]
                    mistral_7b                       -0.005 [-0.027,0.017]      -0.024 [-0.054,0.003]
                    qwen3_8b                        -0.037 [-0.076,-0.012]      -0.020 [-0.076,0.027]
J50                 active_cvl:chrf              684.633 [570.872,791.494]  252.794 [222.007,276.412]
                    active_cvl:comet22           694.386 [638.957,737.432]  256.323 [199.801,271.667]
                    active_cvl:inv_comet22       676.341 [627.077,719.978]  254.483 [221.835,271.272]
                    active_cvl:mistral_7b        648.569 [548.180,721.047]  243.716 [222.197,303.354]
                    active_cvl:qwen3_8b          665.670 [579.403,730.443]  262.553 [230.280,279.941]
                    dedup                        548.907 [484.313,622.936]  249.373 [223.453,272.821]
                    sel_accuracy                 631.608 [539.851,703.054]  258.045 [226.912,277.114]
                    sel_pilotcost                638.436 [552.408,702.142]  250.397 [222.535,271.636]
                    sel_rho                      650.120 [552.033,719.698]  267.959 [237.876,287.261]
                    uniform                      606.453 [539.430,683.589]  280.441 [246.103,313.730]
                    uniform_cvl:chrf             625.276 [548.028,707.384]  292.044 [238.718,329.741]
                    uniform_cvl:comet22          607.949 [537.885,673.574]  291.632 [245.669,327.148]
                    uniform_cvl:inv_comet22      608.774 [539.692,691.896]  280.441 [245.948,315.018]
                    uniform_cvl:mistral_7b       627.527 [545.979,701.243]  276.207 [237.666,313.203]
                    uniform_cvl:qwen3_8b         655.806 [567.700,709.825]  286.793 [255.755,323.309]
                    weighted                     625.998 [538.273,693.010]  246.318 [220.395,269.907]
                    weighted_cvl:chrf            635.069 [541.582,706.510]  247.917 [217.572,268.453]
                    weighted_cvl:comet22         625.998 [533.027,694.872]  259.829 [231.213,279.773]
                    weighted_cvl:inv_comet22     628.081 [538.273,696.780]  248.358 [219.962,271.840]
                    weighted_cvl:mistral_7b      642.407 [554.140,697.622]  246.148 [214.845,267.159]
                    weighted_cvl:qwen3_8b        625.437 [545.768,690.225]  244.661 [221.483,267.173]
J80                 active_cvl:chrf           1582.167 [1468.361,1708.657]  575.055 [537.754,638.653]
                    active_cvl:comet22        1567.302 [1480.361,1667.693]  553.835 [519.481,599.284]
                    active_cvl:inv_comet22    1559.659 [1483.040,1650.591]  600.834 [547.136,656.841]
                    active_cvl:mistral_7b     1727.673 [1587.755,1941.183]  573.176 [523.989,640.492]
                    active_cvl:qwen3_8b       1661.821 [1545.123,1819.523]  554.083 [520.744,623.228]
                    dedup                     1349.153 [1185.367,1447.642]  503.290 [462.994,534.196]
                    sel_accuracy              1509.362 [1416.452,1609.608]  535.540 [493.113,574.528]
                    sel_pilotcost             1491.983 [1331.295,1644.276]  533.439 [498.183,564.023]
                    sel_rho                   1497.639 [1374.480,1609.640]  553.225 [503.142,609.900]
                    uniform                   1550.857 [1440.774,1687.521]  544.448 [503.026,601.588]
                    uniform_cvl:chrf          1562.789 [1426.004,1750.985]  553.116 [512.496,617.102]
                    uniform_cvl:comet22       1577.717 [1456.261,1715.473]  571.211 [527.944,635.357]
                    uniform_cvl:inv_comet22   1561.835 [1452.264,1703.211]  548.405 [507.039,611.093]
                    uniform_cvl:mistral_7b    1558.404 [1445.318,1695.544]  557.710 [512.107,609.966]
                    uniform_cvl:qwen3_8b      1608.161 [1500.689,1758.764]  555.176 [528.405,608.251]
                    weighted                  1479.007 [1371.993,1580.177]  522.684 [492.819,552.618]
                    weighted_cvl:chrf         1480.887 [1368.595,1581.760]  533.439 [496.881,568.977]
                    weighted_cvl:comet22      1478.175 [1369.857,1572.551]  538.459 [498.404,582.671]
                    weighted_cvl:inv_comet22  1479.908 [1369.116,1582.267]  525.520 [492.819,558.952]
                    weighted_cvl:mistral_7b   1486.138 [1357.515,1602.879]  534.695 [500.253,570.786]
                    weighted_cvl:qwen3_8b     1494.482 [1390.502,1591.036]  525.186 [488.602,557.194]
best_human          dedup                                                                         NaN
                    weighted                                           NaN                           
inflation_J50       chrf                              0.126 [-0.032,0.293]      -0.035 [-0.107,0.043]
                    comet22                           0.138 [-0.028,0.330]       0.015 [-0.080,0.099]
                    inv_comet22                       0.140 [-0.027,0.301]       0.008 [-0.019,0.034]
                    mistral_7b                         0.136 [0.002,0.281]       0.014 [-0.048,0.070]
                    qwen3_8b                          0.058 [-0.102,0.233]      -0.029 [-0.104,0.036]
inflation_J80       chrf                               0.090 [0.010,0.208]       0.005 [-0.049,0.040]
                    comet22                            0.078 [0.012,0.199]      -0.019 [-0.083,0.029]
                    inv_comet22                        0.090 [0.039,0.213]      -0.002 [-0.017,0.013]
                    mistral_7b                         0.097 [0.035,0.211]      -0.001 [-0.033,0.030]
                    qwen3_8b                           0.071 [0.008,0.192]      -0.015 [-0.077,0.040]
max_wrong           ALL                                              0.000                      0.000
pred_corr_logratio  ALL                                             -0.537                      0.811
save_vs_uniform_J50 dedup                              0.095 [0.020,0.197]        0.111 [0.036,0.203]
                    weighted                         -0.032 [-0.151,0.097]        0.122 [0.044,0.205]
save_vs_uniform_J80 dedup                              0.130 [0.077,0.235]        0.076 [0.025,0.153]
                    weighted                          0.046 [-0.010,0.091]       0.040 [-0.002,0.119]
 eps                 selector  regret    lo    hi                oracle                                                                                                                                                                      picks
0.01                    dedup   0.000 0.000 0.031                 dedup                                                                                                                                                                           
0.01        weighted_cvl:chrf   0.157 0.028 0.306                 dedup                                                                                                                                                                           
0.01     weighted_cvl:comet22   0.140 0.017 0.301                 dedup                                                                                                                                                                           
0.01 weighted_cvl:inv_comet22   0.144 0.006 0.303                 dedup                                                                                                                                                                           
0.01  weighted_cvl:mistral_7b   0.170 0.043 0.320                 dedup                                                                                                                                                                           
0.01    weighted_cvl:qwen3_8b   0.139 0.000 0.321                 dedup                                                                                                                                                                           
0.01             sel_accuracy   0.151 0.005 0.294                 dedup                 {'weighted_cvl:comet22': 0.3, 'weighted_cvl:qwen3_8b': 0.27, 'weighted_cvl:mistral_7b': 0.22, 'weighted_cvl:chrf': 0.17, 'weighted_cvl:inv_comet22': 0.04}
0.01                  sel_rho   0.184 0.046 0.376                 dedup                 {'weighted_cvl:comet22': 0.32, 'weighted_cvl:qwen3_8b': 0.25, 'weighted_cvl:chrf': 0.2, 'weighted_cvl:mistral_7b': 0.16, 'weighted_cvl:inv_comet22': 0.07}
0.01            sel_pilotcost   0.163 0.058 0.312                 dedup {'dedup': 0.39, 'weighted_cvl:comet22': 0.21, 'weighted_cvl:qwen3_8b': 0.16, 'weighted_cvl:chrf': 0.11, 'weighted_cvl:mistral_7b': 0.11, 'weighted_cvl:inv_comet22': 0.03}
0.02                 weighted   0.007 0.000 0.058 weighted_cvl:qwen3_8b                                                                                                                                                                           
0.02        weighted_cvl:chrf   0.013 0.000 0.074 weighted_cvl:qwen3_8b                                                                                                                                                                           
0.02     weighted_cvl:comet22   0.062 0.033 0.126 weighted_cvl:qwen3_8b                                                                                                                                                                           
0.02 weighted_cvl:inv_comet22   0.015 0.000 0.071 weighted_cvl:qwen3_8b                                                                                                                                                                           
0.02  weighted_cvl:mistral_7b   0.006 0.000 0.049 weighted_cvl:qwen3_8b                                                                                                                                                                           
0.02    weighted_cvl:qwen3_8b   0.000 0.000 0.055 weighted_cvl:qwen3_8b                                                                                                                                                                           
0.02             sel_accuracy   0.054 0.020 0.114 weighted_cvl:qwen3_8b                 {'weighted_cvl:comet22': 0.3, 'weighted_cvl:qwen3_8b': 0.27, 'weighted_cvl:mistral_7b': 0.22, 'weighted_cvl:chrf': 0.17, 'weighted_cvl:inv_comet22': 0.04}
0.02                  sel_rho   0.095 0.047 0.203 weighted_cvl:qwen3_8b                 {'weighted_cvl:comet22': 0.32, 'weighted_cvl:qwen3_8b': 0.25, 'weighted_cvl:chrf': 0.2, 'weighted_cvl:mistral_7b': 0.16, 'weighted_cvl:inv_comet22': 0.07}
0.02            sel_pilotcost   0.023 0.001 0.081 weighted_cvl:qwen3_8b                         {'weighted': 0.91, 'weighted_cvl:comet22': 0.04, 'weighted_cvl:qwen3_8b': 0.04, 'weighted_cvl:mistral_7b': 0.01, 'weighted_cvl:inv_comet22': 0.01}
