eps                                                                   0.01                        0.02
metric              design                                                                            
HES_best_J50        chrf                              0.006 [-0.061,0.095]       -0.045 [-0.284,0.043]
                    comet22                          -0.018 [-0.113,0.072]       -0.049 [-0.285,0.054]
                    inv_comet22                       0.000 [-0.081,0.083]       -0.091 [-0.332,0.011]
                    mistral_7b                       -0.018 [-0.088,0.048]       -0.092 [-0.327,0.035]
                    qwen3_8b                          0.001 [-0.082,0.088]       -0.060 [-0.268,0.038]
HES_best_J80        chrf                             -0.009 [-0.026,0.007]        0.007 [-0.170,0.137]
                    comet22                          -0.014 [-0.034,0.001]        0.030 [-0.160,0.138]
                    inv_comet22                      -0.012 [-0.030,0.005]       -0.033 [-0.183,0.100]
                    mistral_7b                       -0.014 [-0.033,0.001]       -0.045 [-0.199,0.060]
                    qwen3_8b                         -0.014 [-0.030,0.000]       -0.078 [-0.279,0.053]
HES_uniform_J50     chrf                             -0.026 [-0.098,0.017]        0.033 [-0.031,0.088]
                    comet22                          -0.000 [-0.057,0.045]       -0.010 [-0.224,0.030]
                    inv_comet22                       0.000 [-0.018,0.017]       -0.002 [-0.006,0.000]
                    mistral_7b                      -0.043 [-0.096,-0.012]       -0.020 [-0.383,0.013]
                    qwen3_8b                         -0.022 [-0.076,0.015]        0.022 [-0.158,0.085]
HES_uniform_J80     chrf                               0.003 [0.000,0.008]        0.017 [-0.090,0.117]
                    comet22                           0.000 [-0.010,0.015]        0.013 [-0.083,0.105]
                    inv_comet22                        0.003 [0.000,0.012]       -0.009 [-0.061,0.000]
                    mistral_7b                        0.000 [-0.013,0.014]       -0.084 [-0.229,0.015]
                    qwen3_8b                          0.000 [-0.008,0.012]       -0.013 [-0.141,0.065]
J50                 active_cvl:chrf              555.630 [474.938,691.367]   276.119 [232.623,306.434]
                    active_cvl:comet22           571.942 [508.296,686.330]   250.706 [188.173,284.210]
                    active_cvl:inv_comet22       539.700 [499.939,639.212]   252.343 [183.857,283.095]
                    active_cvl:mistral_7b        561.039 [499.101,716.243]   264.896 [224.357,331.929]
                    active_cvl:qwen3_8b          606.640 [524.637,688.128]   266.557 [232.248,293.611]
                    dedup                        512.377 [468.770,584.784]   241.799 [192.607,272.954]
                    sel_accuracy                 518.783 [468.736,614.606]   242.912 [224.208,311.950]
                    sel_pilotcost                530.281 [480.011,605.157]   247.550 [214.061,290.974]
                    sel_rho                      520.729 [455.659,610.612]   242.772 [221.187,323.364]
                    uniform                      537.148 [490.050,622.258]   262.573 [190.441,288.220]
                    uniform_cvl:chrf             551.298 [498.307,644.665]   253.865 [200.207,281.953]
                    uniform_cvl:comet22          537.392 [487.913,643.341]   265.144 [223.002,295.496]
                    uniform_cvl:inv_comet22      537.148 [491.337,616.845]   263.088 [190.605,288.220]
                    uniform_cvl:mistral_7b       559.990 [515.844,669.711]   267.866 [231.753,294.763]
                    uniform_cvl:qwen3_8b         549.051 [492.676,654.961]   256.867 [225.503,280.468]
                    weighted                     514.537 [456.719,599.555]   263.235 [235.242,296.872]
                    weighted_cvl:chrf            509.316 [459.965,577.418]   252.697 [229.543,288.058]
                    weighted_cvl:comet22         521.777 [469.646,637.372]   253.693 [227.069,288.848]
                    weighted_cvl:inv_comet22     512.215 [451.709,599.555]   263.852 [235.806,296.924]
                    weighted_cvl:mistral_7b      521.777 [475.670,588.223]   264.036 [234.520,307.824]
                    weighted_cvl:qwen3_8b        511.648 [460.062,587.602]   256.203 [229.815,308.006]
J80                 active_cvl:chrf           2884.864 [2775.181,3004.076]   730.013 [575.019,942.479]
                    active_cvl:comet22        2896.906 [2795.226,2992.975]   741.677 [603.341,883.437]
                    active_cvl:inv_comet22    2903.536 [2804.115,3003.685]   791.332 [583.463,979.332]
                    active_cvl:mistral_7b     2903.528 [2803.067,2997.171]   748.197 [575.127,997.173]
                    active_cvl:qwen3_8b       2924.429 [2829.307,3015.805]  795.798 [657.638,1041.815]
                    dedup                     2857.717 [2739.529,2971.267]   672.825 [549.177,837.792]
                    sel_accuracy              2884.651 [2790.912,3002.776]   676.697 [556.938,850.818]
                    sel_pilotcost             2903.710 [2800.924,3001.589]   661.891 [551.170,769.447]
                    sel_rho                   2903.363 [2829.425,3016.112]   696.150 [573.441,860.298]
                    uniform                   2933.618 [2782.360,3082.834]   686.913 [534.407,898.854]
                    uniform_cvl:chrf          2924.382 [2775.710,3080.986]   675.397 [529.904,936.458]
                    uniform_cvl:comet22       2933.618 [2781.440,3078.999]   678.116 [529.339,902.612]
                    uniform_cvl:inv_comet22   2924.382 [2763.151,3075.184]   693.071 [534.407,914.733]
                    uniform_cvl:mistral_7b    2933.618 [2787.273,3082.596]   744.440 [618.935,900.643]
                    uniform_cvl:qwen3_8b      2933.618 [2769.208,3081.482]   696.062 [564.351,868.222]
                    weighted                  2891.020 [2799.855,3005.390]   694.826 [549.995,862.618]
                    weighted_cvl:chrf         2884.651 [2790.451,3005.074]   668.330 [539.774,859.984]
                    weighted_cvl:comet22      2897.256 [2803.746,3012.117]   652.433 [537.482,856.030]
                    weighted_cvl:inv_comet22  2891.020 [2799.855,3005.390]   694.826 [549.995,865.035]
                    weighted_cvl:mistral_7b   2897.256 [2803.242,3010.957]   703.304 [577.995,823.060]
                    weighted_cvl:qwen3_8b     2897.256 [2796.725,3002.156]   725.106 [576.719,872.336]
best_human          dedup                                                                             
inflation_J50       chrf                             -0.032 [-0.145,0.047]        0.078 [-0.031,0.314]
                    comet22                           0.018 [-0.088,0.112]        0.039 [-0.073,0.161]
                    inv_comet22                      -0.000 [-0.087,0.084]        0.089 [-0.014,0.332]
                    mistral_7b                       -0.024 [-0.140,0.045]        0.072 [-0.078,0.234]
                    qwen3_8b                         -0.024 [-0.136,0.063]        0.081 [-0.031,0.270]
inflation_J80       chrf                              0.013 [-0.003,0.031]        0.010 [-0.169,0.223]
                    comet22                           0.014 [-0.003,0.040]       -0.018 [-0.156,0.186]
                    inv_comet22                       0.015 [-0.001,0.035]        0.024 [-0.111,0.176]
                    mistral_7b                        0.014 [-0.006,0.035]       -0.038 [-0.200,0.090]
                    qwen3_8b                           0.014 [0.000,0.033]        0.064 [-0.103,0.259]
max_wrong           ALL                                              0.000                       0.000
pred_corr_logratio  ALL                                             -0.286                      -0.121
save_vs_uniform_J50 dedup                             0.046 [-0.016,0.098]        0.079 [-0.025,0.153]
                    weighted                          0.042 [-0.037,0.131]       -0.003 [-0.309,0.105]
save_vs_uniform_J80 dedup                              0.026 [0.011,0.038]        0.021 [-0.127,0.129]
                    weighted                          0.015 [-0.012,0.034]       -0.012 [-0.169,0.093]
 eps                 selector  regret     lo    hi            oracle                                                                                                                                                                      picks
0.01                    dedup   0.006  0.000 0.107 weighted_cvl:chrf                                                                                                                                                                           
0.01        weighted_cvl:chrf   0.000  0.000 0.088 weighted_cvl:chrf                                                                                                                                                                           
0.01     weighted_cvl:comet22   0.024  0.000 0.125 weighted_cvl:chrf                                                                                                                                                                           
0.01 weighted_cvl:inv_comet22   0.006  0.000 0.097 weighted_cvl:chrf                                                                                                                                                                           
0.01  weighted_cvl:mistral_7b   0.024  0.000 0.101 weighted_cvl:chrf                                                                                                                                                                           
0.01    weighted_cvl:qwen3_8b   0.005  0.000 0.083 weighted_cvl:chrf                                                                                                                                                                           
0.01             sel_accuracy   0.018  0.000 0.117 weighted_cvl:chrf                 {'weighted_cvl:comet22': 0.32, 'weighted_cvl:qwen3_8b': 0.27, 'weighted_cvl:mistral_7b': 0.2, 'weighted_cvl:chrf': 0.17, 'weighted_cvl:inv_comet22': 0.03}
0.01                  sel_rho   0.022 -0.006 0.106 weighted_cvl:chrf                 {'weighted_cvl:comet22': 0.4, 'weighted_cvl:qwen3_8b': 0.27, 'weighted_cvl:mistral_7b': 0.18, 'weighted_cvl:inv_comet22': 0.07, 'weighted_cvl:chrf': 0.07}
0.01            sel_pilotcost   0.041  0.009 0.131 weighted_cvl:chrf {'dedup': 0.37, 'weighted_cvl:comet22': 0.23, 'weighted_cvl:qwen3_8b': 0.21, 'weighted_cvl:mistral_7b': 0.11, 'weighted_cvl:chrf': 0.05, 'weighted_cvl:inv_comet22': 0.03}
0.02                    dedup   0.000  0.000 0.055             dedup                                                                                                                                                                           
0.02        weighted_cvl:chrf   0.045  0.000 0.284             dedup                                                                                                                                                                           
0.02     weighted_cvl:comet22   0.049  0.000 0.285             dedup                                                                                                                                                                           
0.02 weighted_cvl:inv_comet22   0.091  0.027 0.332             dedup                                                                                                                                                                           
0.02  weighted_cvl:mistral_7b   0.092  0.019 0.327             dedup                                                                                                                                                                           
0.02    weighted_cvl:qwen3_8b   0.060  0.000 0.268             dedup                                                                                                                                                                           
0.02             sel_accuracy   0.005 -0.058 0.264             dedup                 {'weighted_cvl:comet22': 0.32, 'weighted_cvl:qwen3_8b': 0.27, 'weighted_cvl:mistral_7b': 0.2, 'weighted_cvl:chrf': 0.17, 'weighted_cvl:inv_comet22': 0.03}
0.02                  sel_rho   0.004 -0.063 0.290             dedup                 {'weighted_cvl:comet22': 0.4, 'weighted_cvl:qwen3_8b': 0.27, 'weighted_cvl:mistral_7b': 0.18, 'weighted_cvl:inv_comet22': 0.07, 'weighted_cvl:chrf': 0.07}
0.02            sel_pilotcost   0.024 -0.023 0.264             dedup {'dedup': 0.54, 'weighted_cvl:comet22': 0.17, 'weighted_cvl:qwen3_8b': 0.17, 'weighted_cvl:mistral_7b': 0.08, 'weighted_cvl:chrf': 0.03, 'weighted_cvl:inv_comet22': 0.02}
