eps                                                                   0.01                        0.02
metric              design                                                                            
HES_best_J50        chrf                             -0.114 [-0.389,0.071]       -0.030 [-0.143,0.039]
                    comet22                          -0.157 [-0.455,0.057]       -0.018 [-0.121,0.042]
                    inv_comet22                      -0.160 [-0.400,0.033]       -0.042 [-0.150,0.008]
                    mistral_7b                       -0.175 [-0.436,0.013]       -0.036 [-0.175,0.050]
                    qwen3_8b                         -0.121 [-0.453,0.104]        0.023 [-0.133,0.087]
HES_best_J80        chrf                            -0.044 [-0.109,-0.012]      -0.437 [-0.624,-0.004]
                    comet22                         -0.051 [-0.114,-0.015]       -0.272 [-0.547,0.005]
                    inv_comet22                     -0.044 [-0.105,-0.007]      -0.347 [-0.566,-0.016]
                    mistral_7b                      -0.049 [-0.118,-0.015]       -0.363 [-0.567,0.009]
                    qwen3_8b                        -0.044 [-0.108,-0.010]       -0.340 [-0.568,0.006]
HES_uniform_J50     chrf                              0.024 [-0.033,0.108]        0.031 [-0.021,0.078]
                    comet22                           0.057 [-0.025,0.133]        0.028 [-0.029,0.090]
                    inv_comet22                      -0.023 [-0.058,0.000]         0.000 [0.000,0.000]
                    mistral_7b                        0.025 [-0.030,0.074]       -0.018 [-0.076,0.026]
                    qwen3_8b                          0.040 [-0.027,0.139]        0.005 [-0.091,0.069]
HES_uniform_J80     chrf                             -0.008 [-0.039,0.004]       -0.018 [-0.147,0.062]
                    comet22                          -0.012 [-0.046,0.004]        0.036 [-0.126,0.114]
                    inv_comet22                        0.000 [0.000,0.000]         0.000 [0.000,0.000]
                    mistral_7b                      -0.016 [-0.036,-0.004]        0.032 [-0.093,0.109]
                    qwen3_8b                         -0.008 [-0.030,0.010]       -0.025 [-0.128,0.261]
J50                 active_cvl:chrf              663.634 [434.433,788.133]   263.994 [232.255,300.162]
                    active_cvl:comet22           682.805 [551.954,805.078]   278.907 [238.171,326.111]
                    active_cvl:inv_comet22       706.647 [567.299,855.400]   266.080 [229.231,301.165]
                    active_cvl:mistral_7b        742.885 [559.023,948.818]   285.369 [238.211,327.835]
                    active_cvl:qwen3_8b          652.445 [554.608,843.681]   272.428 [232.222,318.486]
                    dedup                        558.907 [436.008,703.077]   257.025 [225.694,280.778]
                    sel_accuracy                 634.813 [513.870,739.803]   267.880 [236.626,297.315]
                    sel_pilotcost                606.962 [529.829,722.568]   267.456 [237.286,295.022]
                    sel_rho                      616.043 [520.116,742.345]   265.056 [232.659,307.567]
                    uniform                      622.857 [506.993,725.639]   271.880 [235.009,305.919]
                    uniform_cvl:chrf             608.214 [463.228,724.260]   263.458 [232.157,294.156]
                    uniform_cvl:comet22          587.407 [482.248,690.996]   264.168 [230.808,294.128]
                    uniform_cvl:inv_comet22      636.914 [512.384,733.078]   271.880 [235.009,305.919]
                    uniform_cvl:mistral_7b       607.347 [495.490,728.417]   276.825 [233.994,318.987]
                    uniform_cvl:qwen3_8b         597.810 [468.646,709.831]   270.595 [231.638,314.930]
                    weighted                     648.370 [547.922,763.748]   266.431 [237.540,293.372]
                    weighted_cvl:chrf            622.640 [490.314,721.253]   264.744 [234.783,293.190]
                    weighted_cvl:comet22         646.551 [531.405,733.059]   261.738 [234.242,288.325]
                    weighted_cvl:inv_comet22     648.370 [548.523,759.950]   267.816 [238.183,293.994]
                    weighted_cvl:mistral_7b      656.947 [556.433,765.368]   266.280 [236.558,303.237]
                    weighted_cvl:qwen3_8b        626.757 [513.843,782.878]   251.204 [228.018,299.800]
J80                 active_cvl:chrf           2803.491 [2661.561,2887.616]   857.743 [570.737,996.744]
                    active_cvl:comet22        2824.420 [2716.401,2891.305]   706.737 [569.055,905.884]
                    active_cvl:inv_comet22    2804.667 [2680.229,2896.828]   812.247 [647.720,937.862]
                    active_cvl:mistral_7b     2788.972 [2621.297,2870.159]  913.357 [791.877,1031.740]
                    active_cvl:qwen3_8b       2824.739 [2714.363,2904.461]   784.241 [576.171,946.967]
                    dedup                     2704.880 [2475.286,2813.780]   582.568 [519.037,844.337]
                    sel_accuracy              2830.040 [2721.414,2906.044]   828.480 [567.898,926.497]
                    sel_pilotcost             2794.846 [2650.371,2873.752]   589.140 [521.586,938.591]
                    sel_rho                   2830.040 [2708.087,2902.503]   804.465 [570.748,915.681]
                    uniform                   2818.029 [2586.237,2950.084]   739.680 [552.371,923.340]
                    uniform_cvl:chrf          2841.212 [2635.163,2978.633]   753.067 [556.802,924.428]
                    uniform_cvl:comet22       2852.374 [2682.271,2959.196]   713.347 [559.779,886.710]
                    uniform_cvl:inv_comet22   2818.029 [2586.237,2950.084]   739.680 [552.371,923.340]
                    uniform_cvl:mistral_7b    2863.264 [2656.891,2984.719]   716.253 [543.752,928.130]
                    uniform_cvl:qwen3_8b      2841.212 [2597.147,2955.848]   758.326 [542.650,939.726]
                    weighted                  2830.040 [2721.770,2906.088]   780.451 [567.356,912.460]
                    weighted_cvl:chrf         2823.516 [2711.667,2891.965]   837.146 [570.640,925.311]
                    weighted_cvl:comet22      2842.662 [2731.233,2916.258]   741.154 [561.219,902.018]
                    weighted_cvl:inv_comet22  2823.516 [2712.849,2902.189]   784.817 [577.522,912.460]
                    weighted_cvl:mistral_7b   2836.420 [2737.853,2904.311]   794.173 [562.774,909.108]
                    weighted_cvl:qwen3_8b     2823.516 [2690.563,2899.647]   780.451 [570.694,910.242]
best_human          dedup                                                                             
inflation_J50       chrf                              0.138 [-0.102,0.454]        0.061 [-0.023,0.186]
                    comet22                           0.214 [-0.042,0.515]        0.047 [-0.029,0.153]
                    inv_comet22                       0.137 [-0.064,0.386]        0.042 [-0.008,0.150]
                    mistral_7b                        0.200 [-0.010,0.495]        0.018 [-0.087,0.124]
                    qwen3_8b                          0.162 [-0.037,0.497]       -0.018 [-0.117,0.144]
inflation_J80       chrf                               0.036 [0.001,0.090]        0.419 [-0.032,0.611]
                    comet22                            0.039 [0.002,0.099]        0.308 [-0.052,0.595]
                    inv_comet22                        0.044 [0.007,0.105]         0.347 [0.016,0.566]
                    mistral_7b                        0.033 [-0.001,0.095]        0.395 [-0.094,0.558]
                    qwen3_8b                          0.036 [-0.004,0.095]        0.314 [-0.036,0.605]
max_wrong           ALL                                              0.000                       0.000
pred_corr_logratio  ALL                                             -0.718                      -0.090
save_vs_uniform_J50 dedup                             0.103 [-0.029,0.229]        0.055 [-0.019,0.140]
                    weighted                         -0.041 [-0.207,0.105]        0.020 [-0.075,0.098]
save_vs_uniform_J80 dedup                              0.040 [0.011,0.072]         0.212 [0.003,0.364]
                    weighted                         -0.004 [-0.065,0.031]       -0.055 [-0.254,0.176]
 eps                 selector  regret     lo    hi                oracle                                                                                                                                                                      picks
0.01                    dedup   0.000  0.000 0.111                 dedup                                                                                                                                                                           
0.01        weighted_cvl:chrf   0.114  0.000 0.389                 dedup                                                                                                                                                                           
0.01     weighted_cvl:comet22   0.157  0.001 0.511                 dedup                                                                                                                                                                           
0.01 weighted_cvl:inv_comet22   0.160  0.030 0.476                 dedup                                                                                                                                                                           
0.01  weighted_cvl:mistral_7b   0.175  0.035 0.480                 dedup                                                                                                                                                                           
0.01    weighted_cvl:qwen3_8b   0.121  0.000 0.453                 dedup                                                                                                                                                                           
0.01             sel_accuracy   0.136 -0.007 0.434                 dedup                {'weighted_cvl:comet22': 0.28, 'weighted_cvl:qwen3_8b': 0.28, 'weighted_cvl:mistral_7b': 0.21, 'weighted_cvl:chrf': 0.17, 'weighted_cvl:inv_comet22': 0.05}
0.01                  sel_rho   0.102 -0.025 0.420                 dedup                 {'weighted_cvl:comet22': 0.4, 'weighted_cvl:qwen3_8b': 0.36, 'weighted_cvl:mistral_7b': 0.12, 'weighted_cvl:chrf': 0.07, 'weighted_cvl:inv_comet22': 0.04}
0.01            sel_pilotcost   0.086 -0.031 0.380                 dedup {'dedup': 0.35, 'weighted_cvl:comet22': 0.27, 'weighted_cvl:qwen3_8b': 0.23, 'weighted_cvl:mistral_7b': 0.09, 'weighted_cvl:chrf': 0.05, 'weighted_cvl:inv_comet22': 0.01}
0.02                    dedup   0.023  0.000 0.087 weighted_cvl:qwen3_8b                                                                                                                                                                           
0.02        weighted_cvl:chrf   0.053  0.000 0.151 weighted_cvl:qwen3_8b                                                                                                                                                                           
0.02     weighted_cvl:comet22   0.041  0.000 0.132 weighted_cvl:qwen3_8b                                                                                                                                                                           
0.02 weighted_cvl:inv_comet22   0.065  0.019 0.150 weighted_cvl:qwen3_8b                                                                                                                                                                           
0.02  weighted_cvl:mistral_7b   0.059  0.012 0.175 weighted_cvl:qwen3_8b                                                                                                                                                                           
0.02    weighted_cvl:qwen3_8b   0.000  0.000 0.133 weighted_cvl:qwen3_8b                                                                                                                                                                           
0.02             sel_accuracy   0.065  0.019 0.161 weighted_cvl:qwen3_8b                {'weighted_cvl:comet22': 0.28, 'weighted_cvl:qwen3_8b': 0.28, 'weighted_cvl:mistral_7b': 0.21, 'weighted_cvl:chrf': 0.17, 'weighted_cvl:inv_comet22': 0.05}
0.02                  sel_rho   0.054  0.000 0.206 weighted_cvl:qwen3_8b                 {'weighted_cvl:comet22': 0.4, 'weighted_cvl:qwen3_8b': 0.36, 'weighted_cvl:mistral_7b': 0.12, 'weighted_cvl:chrf': 0.07, 'weighted_cvl:inv_comet22': 0.04}
0.02            sel_pilotcost   0.063  0.008 0.142 weighted_cvl:qwen3_8b   {'dedup': 0.49, 'weighted_cvl:comet22': 0.21, 'weighted_cvl:qwen3_8b': 0.2, 'weighted_cvl:mistral_7b': 0.07, 'weighted_cvl:chrf': 0.03, 'weighted_cvl:inv_comet22': 0.0}
