eps                                                              0.01                          0.02
metric              design                                                                         
HES_best_J50        syn0.1                       0.043 [-0.015,0.103]          0.030 [-0.037,0.109]
                    syn0.2                       0.025 [-0.076,0.059]         -0.015 [-0.072,0.063]
                    syn0.3                       0.060 [-0.065,0.142]          0.028 [-0.044,0.099]
                    syn0.4                       0.060 [-0.082,0.176]           0.096 [0.044,0.223]
                    syn0.5                        0.099 [0.048,0.280]           0.183 [0.099,0.284]
                    syn0.6                       0.196 [-0.068,0.297]           0.247 [0.173,0.335]
                    syn0.7                       0.323 [-0.019,0.414]           0.332 [0.288,0.426]
                    syn0.8                        0.436 [0.383,0.536]           0.441 [0.391,0.508]
                    syn0.9                        0.631 [0.530,0.681]           0.562 [0.513,0.611]
HES_best_J80        syn0.1                                                    -0.024 [-0.110,0.101]
                    syn0.2                                                     0.043 [-0.021,0.138]
                    syn0.3                                                      0.073 [0.005,0.169]
                    syn0.4                                                      0.131 [0.067,0.221]
                    syn0.5                                                      0.197 [0.148,0.289]
                    syn0.6                                                      0.263 [0.186,0.373]
                    syn0.7                                                      0.294 [0.220,0.443]
                    syn0.8                                                      0.499 [0.425,0.569]
                    syn0.9                                                      0.644 [0.599,0.686]
HES_uniform_J50     syn0.1                      -0.019 [-0.053,0.026]          0.031 [-0.005,0.052]
                    syn0.2                       0.021 [-0.059,0.103]          0.030 [-0.004,0.075]
                    syn0.3                       0.052 [-0.049,0.125]           0.059 [0.001,0.097]
                    syn0.4                       0.076 [-0.040,0.184]           0.093 [0.048,0.196]
                    syn0.5                        0.138 [0.066,0.252]           0.205 [0.149,0.282]
                    syn0.6                        0.218 [0.017,0.332]           0.288 [0.231,0.349]
                    syn0.7                        0.327 [0.136,0.385]           0.378 [0.337,0.441]
                    syn0.8                        0.421 [0.350,0.510]           0.503 [0.452,0.559]
                    syn0.9                        0.643 [0.353,0.674]           0.612 [0.578,0.639]
HES_uniform_J80     syn0.1                                                     0.024 [-0.000,0.069]
                    syn0.2                                                    -0.005 [-0.063,0.055]
                    syn0.3                                                      0.045 [0.005,0.109]
                    syn0.4                                                      0.105 [0.056,0.173]
                    syn0.5                                                      0.119 [0.085,0.174]
                    syn0.6                                                      0.273 [0.200,0.370]
                    syn0.7                                                      0.310 [0.225,0.445]
                    syn0.8                                                      0.513 [0.445,0.569]
                    syn0.9                                                      0.630 [0.583,0.685]
J50                 active_cvl:syn0.1    2501.228 [2120.901,3994.020]  1239.836 [1150.659,1390.768]
                    active_cvl:syn0.2    2380.530 [2071.802,4820.031]  1220.183 [1077.494,1412.362]
                    active_cvl:syn0.3    2309.529 [2064.462,4910.300]   1256.563 [982.042,1386.939]
                    active_cvl:syn0.4    2179.012 [1911.206,3989.439]  1135.721 [1007.911,1246.230]
                    active_cvl:syn0.5    2043.090 [1679.111,2662.426]   1017.721 [920.767,1121.277]
                    active_cvl:syn0.6    1825.436 [1604.011,2850.034]     918.625 [853.182,998.737]
                    active_cvl:syn0.7    1612.991 [1463.228,2535.088]     810.583 [741.768,885.932]
                    active_cvl:syn0.8     1358.989 [960.480,2062.611]     636.239 [613.920,721.558]
                    active_cvl:syn0.9      899.170 [751.668,2135.741]     543.653 [528.984,576.872]
                    dedup                2608.428 [2134.263,3571.924]  1249.049 [1105.738,1427.506]
                    sel_accuracy           932.678 [791.747,1807.085]     566.244 [537.048,590.086]
                    sel_pilotcost          901.164 [753.169,1853.627]     546.727 [526.972,577.208]
                    sel_rho                901.164 [753.169,1853.627]     546.727 [526.972,577.208]
                    uniform              2632.924 [2275.501,3441.288]  1434.622 [1285.967,1585.494]
                    uniform_cvl:syn0.1   2682.095 [2287.066,3441.673]  1390.373 [1246.716,1578.490]
                    uniform_cvl:syn0.2   2577.968 [2282.064,3372.755]  1391.671 [1245.361,1558.248]
                    uniform_cvl:syn0.3   2495.641 [2195.029,3536.749]  1350.134 [1240.351,1515.023]
                    uniform_cvl:syn0.4   2431.723 [2037.046,4259.198]  1301.880 [1114.916,1438.091]
                    uniform_cvl:syn0.5   2268.704 [1870.269,2963.566]   1140.845 [994.914,1257.569]
                    uniform_cvl:syn0.6   2059.506 [1734.513,3217.853]   1021.673 [944.713,1123.781]
                    uniform_cvl:syn0.7   1771.831 [1580.049,2491.475]     892.510 [785.111,966.026]
                    uniform_cvl:syn0.8   1523.315 [1225.646,2214.092]     712.943 [646.684,804.716]
                    uniform_cvl:syn0.9     938.792 [778.405,2140.199]     556.525 [540.091,593.709]
                    weighted             2442.008 [2128.521,4248.340]  1268.147 [1117.929,1405.072]
                    weighted_cvl:syn0.1  2337.089 [2077.290,3977.069]  1212.052 [1084.732,1376.388]
                    weighted_cvl:syn0.2  2381.147 [2093.729,4502.057]  1268.147 [1109.690,1396.705]
                    weighted_cvl:syn0.3  2296.702 [2103.711,4603.171]  1214.238 [1082.408,1345.352]
                    weighted_cvl:syn0.4  2296.702 [1921.184,4634.336]   1129.162 [964.372,1270.543]
                    weighted_cvl:syn0.5  2200.999 [1818.134,3141.870]   1021.063 [936.409,1144.491]
                    weighted_cvl:syn0.6  1962.947 [1638.966,4840.616]    940.811 [870.950,1028.378]
                    weighted_cvl:syn0.7  1654.129 [1459.090,4516.648]     834.730 [754.397,898.125]
                    weighted_cvl:syn0.8  1377.508 [1068.027,1971.529]     698.714 [646.546,752.680]
                    weighted_cvl:syn0.9    901.164 [753.169,1853.627]     546.727 [526.972,577.208]
J80                 active_cvl:syn0.1                                  3048.760 [2579.695,3298.703]
                    active_cvl:syn0.2                                  3022.355 [2633.336,3286.713]
                    active_cvl:syn0.3                                  2867.695 [2421.008,3047.159]
                    active_cvl:syn0.4                                  2643.315 [2257.046,2818.844]
                    active_cvl:syn0.5                                  2575.113 [2135.602,2741.707]
                    active_cvl:syn0.6                                  2246.161 [1738.999,2457.540]
                    active_cvl:syn0.7                                  2069.044 [1643.831,2474.959]
                    active_cvl:syn0.8                                  1509.105 [1234.730,1730.587]
                    active_cvl:syn0.9                                   1081.658 [966.267,1167.710]
                    dedup                                              3092.285 [2721.399,3346.322]
                    sel_accuracy                                        1142.704 [989.244,1262.520]
                    sel_pilotcost                                       1100.560 [953.347,1275.807]
                    sel_rho                                             1100.560 [953.347,1275.807]
                    uniform                                            3370.103 [2853.590,3667.693]
                    uniform_cvl:syn0.1                                 3288.957 [2847.098,3565.756]
                    uniform_cvl:syn0.2                                 3385.959 [2846.934,3777.440]
                    uniform_cvl:syn0.3                                 3216.828 [2728.749,3486.129]
                    uniform_cvl:syn0.4                                 3015.381 [2637.540,3182.887]
                    uniform_cvl:syn0.5                                 2970.641 [2529.508,3161.415]
                    uniform_cvl:syn0.6                                 2450.909 [1906.492,2740.670]
                    uniform_cvl:syn0.7                                 2324.790 [1754.352,2654.915]
                    uniform_cvl:syn0.8                                 1642.592 [1371.863,1837.864]
                    uniform_cvl:syn0.9                                  1246.285 [993.073,1436.308]
                    weighted                                           3111.487 [2480.329,3533.016]
                    weighted_cvl:syn0.1                                3167.667 [2499.559,3569.826]
                    weighted_cvl:syn0.2                                2959.332 [2418.523,3324.471]
                    weighted_cvl:syn0.3                                2868.040 [2290.597,3190.634]
                    weighted_cvl:syn0.4                                2687.194 [2241.477,2861.989]
                    weighted_cvl:syn0.5                                2481.883 [2107.772,2709.460]
                    weighted_cvl:syn0.6                                2279.814 [1800.541,2494.542]
                    weighted_cvl:syn0.7                                2182.455 [1665.209,2457.876]
                    weighted_cvl:syn0.8                                1549.362 [1273.854,1776.740]
                    weighted_cvl:syn0.9                                 1100.560 [953.347,1275.807]
best_human          dedup                                         NaN                              
                    weighted                                                                    NaN
inflation_J50       syn0.1                      -0.062 [-0.158,0.016]          0.001 [-0.107,0.066]
                    syn0.2                      -0.004 [-0.076,0.083]          0.045 [-0.037,0.101]
                    syn0.3                      -0.007 [-0.140,0.074]          0.031 [-0.081,0.102]
                    syn0.4                       0.017 [-0.110,0.094]         -0.003 [-0.087,0.091]
                    syn0.5                       0.040 [-0.045,0.102]          0.022 [-0.026,0.088]
                    syn0.6                       0.022 [-0.084,0.141]          0.041 [-0.009,0.087]
                    syn0.7                       0.004 [-0.067,0.212]          0.046 [-0.003,0.078]
                    syn0.8                      -0.014 [-0.094,0.057]           0.062 [0.023,0.123]
                    syn0.9                       0.012 [-0.199,0.040]           0.050 [0.021,0.080]
inflation_J80       syn0.1                                                     0.048 [-0.063,0.153]
                    syn0.2                                                    -0.048 [-0.146,0.031]
                    syn0.3                                                    -0.027 [-0.126,0.046]
                    syn0.4                                                    -0.026 [-0.130,0.051]
                    syn0.5                                                   -0.079 [-0.152,-0.016]
                    syn0.6                                                     0.010 [-0.083,0.062]
                    syn0.7                                                     0.016 [-0.123,0.092]
                    syn0.8                                                     0.014 [-0.020,0.063]
                    syn0.9                                                    -0.014 [-0.058,0.025]
max_wrong           ALL                                         0.010                         0.000
pred_corr_logratio  ALL                                         0.994                         0.996
save_vs_uniform_J50 dedup                        0.009 [-0.037,0.085]           0.129 [0.081,0.174]
                    weighted                     0.073 [-0.024,0.148]           0.116 [0.042,0.172]
save_vs_uniform_J80 dedup                                                       0.082 [0.028,0.122]
                    weighted                                                    0.077 [0.012,0.174]
 eps            selector  regret     lo    hi              oracle                                                                                                              picks
0.01            weighted   0.631  0.550 0.681 weighted_cvl:syn0.9                                                                                                                   
0.01 weighted_cvl:syn0.1   0.588  0.459 0.643 weighted_cvl:syn0.9                                                                                                                   
0.01 weighted_cvl:syn0.2   0.606  0.571 0.702 weighted_cvl:syn0.9                                                                                                                   
0.01 weighted_cvl:syn0.3   0.571  0.513 0.667 weighted_cvl:syn0.9                                                                                                                   
0.01 weighted_cvl:syn0.4   0.571  0.479 0.671 weighted_cvl:syn0.9                                                                                                                   
0.01 weighted_cvl:syn0.5   0.532  0.337 0.586 weighted_cvl:syn0.9                                                                                                                   
0.01 weighted_cvl:syn0.6   0.435  0.333 0.663 weighted_cvl:syn0.9                                                                                                                   
0.01 weighted_cvl:syn0.7   0.308  0.252 0.582 weighted_cvl:syn0.9                                                                                                                   
0.01 weighted_cvl:syn0.8   0.195  0.030 0.261 weighted_cvl:syn0.9                                                                                                                   
0.01 weighted_cvl:syn0.9   0.000  0.000 0.000 weighted_cvl:syn0.9                                                                                                                   
0.01        sel_accuracy   0.013 -0.007 0.057 weighted_cvl:syn0.9 {'weighted_cvl:syn0.9': 0.87, 'weighted_cvl:syn0.8': 0.12, 'weighted_cvl:syn0.5': 0.0, 'weighted_cvl:syn0.6': 0.0}
0.01             sel_rho   0.000  0.000 0.000 weighted_cvl:syn0.9                                                                                       {'weighted_cvl:syn0.9': 1.0}
0.01       sel_pilotcost   0.000  0.000 0.000 weighted_cvl:syn0.9                                                                                       {'weighted_cvl:syn0.9': 1.0}
0.02               dedup   0.562  0.513 0.611 weighted_cvl:syn0.9                                                                                                                   
0.02 weighted_cvl:syn0.1   0.533  0.471 0.614 weighted_cvl:syn0.9                                                                                                                   
0.02 weighted_cvl:syn0.2   0.578  0.506 0.635 weighted_cvl:syn0.9                                                                                                                   
0.02 weighted_cvl:syn0.3   0.534  0.458 0.589 weighted_cvl:syn0.9                                                                                                                   
0.02 weighted_cvl:syn0.4   0.466  0.352 0.527 weighted_cvl:syn0.9                                                                                                                   
0.02 weighted_cvl:syn0.5   0.380  0.319 0.462 weighted_cvl:syn0.9                                                                                                                   
0.02 weighted_cvl:syn0.6   0.316  0.270 0.364 weighted_cvl:syn0.9                                                                                                                   
0.02 weighted_cvl:syn0.7   0.231  0.159 0.258 weighted_cvl:syn0.9                                                                                                                   
0.02 weighted_cvl:syn0.8   0.122  0.087 0.156 weighted_cvl:syn0.9                                                                                                                   
0.02 weighted_cvl:syn0.9   0.000  0.000 0.000 weighted_cvl:syn0.9                                                                                                                   
0.02        sel_accuracy   0.016  0.005 0.021 weighted_cvl:syn0.9 {'weighted_cvl:syn0.9': 0.87, 'weighted_cvl:syn0.8': 0.12, 'weighted_cvl:syn0.5': 0.0, 'weighted_cvl:syn0.6': 0.0}
0.02             sel_rho   0.000  0.000 0.000 weighted_cvl:syn0.9                                                                                       {'weighted_cvl:syn0.9': 1.0}
0.02       sel_pilotcost   0.000  0.000 0.000 weighted_cvl:syn0.9                                                                                       {'weighted_cvl:syn0.9': 1.0}
