eps                                                                   0.01                       0.02
metric              design                                                                           
HES_best_J50        chrf                            -0.092 [-0.217,-0.016]      -0.040 [-0.212,0.065]
                    comet22                          -0.021 [-0.134,0.073]      -0.080 [-0.313,0.018]
                    inv_comet22                      -0.051 [-0.198,0.064]      -0.029 [-0.201,0.043]
                    mistral_7b                       -0.056 [-0.175,0.016]      -0.043 [-0.306,0.054]
                    qwen3_8b                         -0.012 [-0.200,0.103]      -0.063 [-0.253,0.020]
HES_best_J80        chrf                             -0.075 [-0.174,0.033]       0.000 [-0.132,0.111]
                    comet22                          -0.077 [-0.184,0.026]       0.011 [-0.122,0.121]
                    inv_comet22                      -0.041 [-0.144,0.054]       0.001 [-0.145,0.116]
                    mistral_7b                       -0.029 [-0.152,0.056]      -0.001 [-0.137,0.103]
                    qwen3_8b                         -0.066 [-0.175,0.032]       0.001 [-0.156,0.132]
HES_uniform_J50     chrf                             -0.024 [-0.096,0.022]       0.003 [-0.047,0.060]
                    comet22                          -0.015 [-0.072,0.038]      -0.049 [-0.151,0.019]
                    inv_comet22                        0.000 [0.000,0.000]       0.003 [-0.001,0.012]
                    mistral_7b                       -0.025 [-0.107,0.009]       0.028 [-0.013,0.082]
                    qwen3_8b                         -0.003 [-0.077,0.054]      -0.008 [-0.158,0.071]
HES_uniform_J80     chrf                              0.000 [-0.023,0.029]      -0.031 [-0.074,0.020]
                    comet22                           0.040 [-0.029,0.101]       0.062 [-0.028,0.110]
                    inv_comet22                      -0.014 [-0.037,0.000]       0.000 [-0.001,0.000]
                    mistral_7b                        0.010 [-0.040,0.055]      -0.015 [-0.077,0.043]
                    qwen3_8b                         -0.039 [-0.084,0.012]       0.018 [-0.049,0.072]
J50                 active_cvl:chrf              735.256 [681.504,806.194]  277.992 [246.964,307.502]
                    active_cvl:comet22           764.508 [689.817,876.555]  285.372 [254.020,323.351]
                    active_cvl:inv_comet22       756.236 [679.003,899.450]  276.853 [238.614,326.035]
                    active_cvl:mistral_7b        785.638 [622.648,942.004]  270.012 [237.083,335.316]
                    active_cvl:qwen3_8b          772.109 [708.947,856.985]  265.439 [238.030,299.030]
                    dedup                        654.049 [572.068,725.406]  251.555 [231.123,281.291]
                    sel_accuracy                 676.937 [569.807,796.592]  275.311 [237.041,326.873]
                    sel_pilotcost                657.606 [570.279,745.017]  255.496 [235.091,291.231]
                    sel_rho                      694.721 [597.564,801.925]  274.450 [240.887,321.367]
                    uniform                      697.542 [594.923,804.868]  262.343 [234.929,312.087]
                    uniform_cvl:chrf             714.444 [595.952,821.369]  261.486 [233.321,316.803]
                    uniform_cvl:comet22          707.797 [629.755,788.565]  275.198 [239.822,319.746]
                    uniform_cvl:inv_comet22      697.542 [594.923,804.868]  261.623 [234.950,307.326]
                    uniform_cvl:mistral_7b       714.835 [616.401,833.613]  255.011 [234.848,292.275]
                    uniform_cvl:qwen3_8b         699.449 [617.944,774.136]  264.343 [234.714,324.248]
                    weighted                     687.362 [577.431,837.847]  255.154 [231.893,301.180]
                    weighted_cvl:chrf            714.378 [628.633,815.589]  261.666 [234.761,294.059]
                    weighted_cvl:comet22         668.044 [579.119,767.390]  271.747 [236.615,318.212]
                    weighted_cvl:inv_comet22     687.362 [577.194,838.520]  258.772 [233.167,301.471]
                    weighted_cvl:mistral_7b      690.910 [603.631,813.642]  262.390 [232.619,319.731]
                    weighted_cvl:qwen3_8b        661.888 [566.332,818.942]  267.455 [237.598,315.265]
J80                 active_cvl:chrf           2129.323 [1936.577,2317.796]  747.560 [682.434,863.432]
                    active_cvl:comet22        2075.830 [1879.120,2226.734]  695.208 [581.508,802.299]
                    active_cvl:inv_comet22    2001.249 [1744.920,2178.970]  718.405 [603.849,875.398]
                    active_cvl:mistral_7b     2154.064 [1893.655,2335.285]  687.653 [577.764,801.163]
                    active_cvl:qwen3_8b       2021.636 [1777.994,2209.507]  734.160 [682.200,784.766]
                    dedup                     1732.580 [1576.922,1932.192]  579.424 [539.148,659.405]
                    sel_accuracy              1805.445 [1616.709,2062.969]  561.579 [512.934,623.586]
                    sel_pilotcost             1995.894 [1761.247,2135.302]  577.891 [545.746,649.241]
                    sel_rho                   1960.064 [1690.700,2154.074]  577.188 [539.286,669.156]
                    uniform                   1831.877 [1623.802,2094.331]  626.748 [560.270,708.693]
                    uniform_cvl:chrf          1831.877 [1635.079,2054.402]  645.912 [565.735,720.675]
                    uniform_cvl:comet22       1758.563 [1615.780,2034.177]  588.153 [536.818,679.267]
                    uniform_cvl:inv_comet22   1857.188 [1638.748,2101.031]  626.748 [561.300,708.693]
                    uniform_cvl:mistral_7b    1814.421 [1623.358,2085.852]  636.011 [563.002,726.002]
                    uniform_cvl:qwen3_8b      1902.440 [1660.295,2135.679]  615.763 [563.802,702.270]
                    weighted                  1801.243 [1601.493,2038.472]  583.093 [522.047,665.257]
                    weighted_cvl:chrf         1863.083 [1636.480,2070.511]  579.236 [523.686,654.599]
                    weighted_cvl:comet22      1866.727 [1631.476,2086.275]  573.252 [511.913,659.424]
                    weighted_cvl:inv_comet22  1803.282 [1603.941,2044.474]  578.734 [522.766,659.813]
                    weighted_cvl:mistral_7b   1782.464 [1598.121,2029.268]  579.894 [529.694,669.160]
                    weighted_cvl:qwen3_8b     1847.467 [1632.114,2098.805]  578.992 [520.442,672.277]
best_human          dedup                                                                            
inflation_J50       chrf                              0.068 [-0.019,0.210]       0.043 [-0.075,0.228]
                    comet22                           0.007 [-0.104,0.122]       0.031 [-0.055,0.200]
                    inv_comet22                       0.051 [-0.064,0.198]       0.031 [-0.039,0.200]
                    mistral_7b                        0.032 [-0.053,0.162]       0.071 [-0.037,0.323]
                    qwen3_8b                          0.009 [-0.146,0.201]       0.056 [-0.115,0.220]
inflation_J80       chrf                              0.075 [-0.016,0.181]      -0.031 [-0.142,0.110]
                    comet22                            0.117 [0.007,0.214]       0.051 [-0.105,0.187]
                    inv_comet22                       0.027 [-0.067,0.143]      -0.001 [-0.116,0.145]
                    mistral_7b                        0.038 [-0.044,0.154]      -0.014 [-0.154,0.139]
                    qwen3_8b                          0.028 [-0.071,0.149]       0.017 [-0.142,0.210]
max_wrong           ALL                                              0.000                      0.000
pred_corr_logratio  ALL                                             -0.466                     -0.551
save_vs_uniform_J50 dedup                             0.062 [-0.025,0.179]       0.041 [-0.044,0.139]
                    weighted                          0.015 [-0.119,0.136]       0.027 [-0.158,0.141]
save_vs_uniform_J80 dedup                             0.054 [-0.016,0.120]       0.076 [-0.049,0.140]
                    weighted                          0.017 [-0.085,0.114]       0.070 [-0.055,0.169]
 eps                 selector  regret     lo    hi oracle                                                                                                                                                                      picks
0.01                    dedup   0.000  0.000 0.103  dedup                                                                                                                                                                           
0.01        weighted_cvl:chrf   0.092  0.050 0.220  dedup                                                                                                                                                                           
0.01     weighted_cvl:comet22   0.021  0.000 0.145  dedup                                                                                                                                                                           
0.01 weighted_cvl:inv_comet22   0.051  0.000 0.198  dedup                                                                                                                                                                           
0.01  weighted_cvl:mistral_7b   0.056  0.024 0.175  dedup                                                                                                                                                                           
0.01    weighted_cvl:qwen3_8b   0.012  0.000 0.200  dedup                                                                                                                                                                           
0.01             sel_accuracy   0.035 -0.019 0.209  dedup                {'weighted_cvl:qwen3_8b': 0.35, 'weighted_cvl:comet22': 0.22, 'weighted_cvl:chrf': 0.19, 'weighted_cvl:mistral_7b': 0.18, 'weighted_cvl:inv_comet22': 0.06}
0.01                  sel_rho   0.062  0.020 0.211  dedup                {'weighted_cvl:qwen3_8b': 0.41, 'weighted_cvl:comet22': 0.26, 'weighted_cvl:mistral_7b': 0.17, 'weighted_cvl:chrf': 0.09, 'weighted_cvl:inv_comet22': 0.06}
0.01            sel_pilotcost   0.005 -0.048 0.099  dedup {'dedup': 0.35, 'weighted_cvl:qwen3_8b': 0.26, 'weighted_cvl:comet22': 0.19, 'weighted_cvl:mistral_7b': 0.09, 'weighted_cvl:chrf': 0.07, 'weighted_cvl:inv_comet22': 0.03}
0.02                    dedup   0.000  0.000 0.078  dedup                                                                                                                                                                           
0.02        weighted_cvl:chrf   0.040  0.000 0.212  dedup                                                                                                                                                                           
0.02     weighted_cvl:comet22   0.080  0.018 0.313  dedup                                                                                                                                                                           
0.02 weighted_cvl:inv_comet22   0.029  0.000 0.201  dedup                                                                                                                                                                           
0.02  weighted_cvl:mistral_7b   0.043  0.000 0.306  dedup                                                                                                                                                                           
0.02    weighted_cvl:qwen3_8b   0.063  0.000 0.265  dedup                                                                                                                                                                           
0.02             sel_accuracy   0.094  0.010 0.390  dedup                {'weighted_cvl:qwen3_8b': 0.35, 'weighted_cvl:comet22': 0.22, 'weighted_cvl:chrf': 0.19, 'weighted_cvl:mistral_7b': 0.18, 'weighted_cvl:inv_comet22': 0.06}
0.02                  sel_rho   0.091 -0.004 0.376  dedup                {'weighted_cvl:qwen3_8b': 0.41, 'weighted_cvl:comet22': 0.26, 'weighted_cvl:mistral_7b': 0.17, 'weighted_cvl:chrf': 0.09, 'weighted_cvl:inv_comet22': 0.06}
0.02            sel_pilotcost   0.016 -0.041 0.144  dedup {'dedup': 0.51, 'weighted_cvl:qwen3_8b': 0.19, 'weighted_cvl:comet22': 0.15, 'weighted_cvl:mistral_7b': 0.07, 'weighted_cvl:chrf': 0.05, 'weighted_cvl:inv_comet22': 0.03}
