eps                                                                   0.01                       0.02
metric              design                                                                           
HES_best_J50        chrf                             -0.126 [-0.258,0.003]      -0.031 [-0.171,0.065]
                    comet22                          -0.078 [-0.184,0.043]      -0.014 [-0.114,0.069]
                    inv_comet22                      -0.100 [-0.247,0.025]      -0.049 [-0.178,0.041]
                    mistral_7b                      -0.138 [-0.265,-0.001]      -0.041 [-0.162,0.069]
                    qwen3_8b                         -0.120 [-0.233,0.014]      -0.032 [-0.190,0.058]
HES_best_J80        chrf                             -0.074 [-0.239,0.030]      -0.080 [-0.185,0.026]
                    comet22                          -0.056 [-0.205,0.056]      -0.106 [-0.217,0.033]
                    inv_comet22                      -0.058 [-0.198,0.049]      -0.071 [-0.182,0.006]
                    mistral_7b                       -0.030 [-0.150,0.098]     -0.122 [-0.236,-0.020]
                    qwen3_8b                          0.016 [-0.119,0.122]      -0.065 [-0.215,0.035]
HES_uniform_J50     chrf                              0.014 [-0.042,0.056]       0.005 [-0.030,0.054]
                    comet22                           0.027 [-0.051,0.115]       0.019 [-0.011,0.116]
                    inv_comet22                        0.000 [0.000,0.000]       0.000 [-0.008,0.006]
                    mistral_7b                        0.023 [-0.015,0.081]        0.027 [0.002,0.111]
                    qwen3_8b                          0.063 [-0.034,0.140]       0.012 [-0.051,0.062]
HES_uniform_J80     chrf                             -0.021 [-0.094,0.019]     -0.055 [-0.098,-0.014]
                    comet22                          -0.008 [-0.094,0.062]      -0.026 [-0.095,0.035]
                    inv_comet22                        0.008 [0.000,0.028]       0.011 [-0.001,0.030]
                    mistral_7b                       -0.012 [-0.044,0.011]       0.022 [-0.035,0.067]
                    qwen3_8b                          0.012 [-0.038,0.067]      -0.002 [-0.058,0.073]
J50                 active_cvl:chrf              643.807 [565.404,709.442]  262.890 [228.705,286.310]
                    active_cvl:comet22           641.680 [556.009,730.142]  242.758 [220.731,278.907]
                    active_cvl:inv_comet22       676.901 [594.056,769.007]  237.827 [208.910,317.732]
                    active_cvl:mistral_7b        708.103 [615.023,795.087]  270.621 [238.033,294.564]
                    active_cvl:qwen3_8b          742.327 [683.391,866.700]  226.720 [190.700,275.892]
                    dedup                        594.483 [542.252,676.211]  232.505 [213.604,270.321]
                    sel_accuracy                 659.659 [580.073,727.383]  233.202 [208.183,276.594]
                    sel_pilotcost                646.771 [577.120,718.143]  236.327 [222.531,274.955]
                    sel_rho                      679.220 [614.183,755.439]  242.889 [219.311,315.956]
                    uniform                      647.402 [560.435,727.033]  243.932 [223.729,315.688]
                    uniform_cvl:chrf             638.462 [565.454,729.753]  242.705 [223.332,308.015]
                    uniform_cvl:comet22          630.217 [548.384,716.091]  239.317 [222.922,268.084]
                    uniform_cvl:inv_comet22      647.402 [560.435,727.033]  243.844 [223.295,316.200]
                    uniform_cvl:mistral_7b       632.703 [546.892,730.573]  237.335 [219.701,270.927]
                    uniform_cvl:qwen3_8b         606.922 [550.183,735.740]  240.889 [222.099,316.877]
                    weighted                     653.892 [562.903,759.520]  243.857 [207.775,288.978]
                    weighted_cvl:chrf            669.143 [577.425,753.397]  239.631 [209.602,292.516]
                    weighted_cvl:comet22         641.104 [563.501,712.556]  235.866 [208.293,274.361]
                    weighted_cvl:inv_comet22     653.892 [562.903,759.520]  244.010 [209.506,290.007]
                    weighted_cvl:mistral_7b      676.472 [596.157,766.884]  242.008 [212.677,282.934]
                    weighted_cvl:qwen3_8b        665.713 [601.340,742.007]  239.941 [212.699,285.484]
J80                 active_cvl:chrf           2201.069 [2011.079,2428.267]  670.346 [585.547,734.412]
                    active_cvl:comet22        2112.686 [1787.852,2368.030]  648.402 [560.455,698.314]
                    active_cvl:inv_comet22    2071.204 [1746.283,2378.656]  684.566 [577.526,725.397]
                    active_cvl:mistral_7b     2206.457 [1705.156,2613.562]  655.264 [576.932,706.168]
                    active_cvl:qwen3_8b       2239.894 [1834.706,2562.346]  674.346 [573.652,718.044]
                    dedup                     1942.996 [1610.179,2268.113]  539.249 [499.613,589.641]
                    sel_accuracy              2010.572 [1723.625,2252.862]  613.548 [522.519,680.955]
                    sel_pilotcost             1981.438 [1672.693,2343.164]  553.278 [495.166,627.042]
                    sel_rho                   1975.078 [1666.377,2242.637]  605.209 [524.877,696.287]
                    uniform                   2035.407 [1710.010,2326.442]  602.490 [534.504,663.064]
                    uniform_cvl:chrf          2078.797 [1823.879,2328.750]  635.887 [557.221,685.295]
                    uniform_cvl:comet22       2050.747 [1732.668,2334.907]  618.378 [539.117,662.940]
                    uniform_cvl:inv_comet22   2019.077 [1695.682,2312.709]  596.033 [530.166,657.702]
                    uniform_cvl:mistral_7b    2060.718 [1710.477,2381.533]  589.197 [536.384,647.139]
                    uniform_cvl:qwen3_8b      2010.096 [1713.037,2297.563]  603.699 [524.544,662.059]
                    weighted                  2045.739 [1744.106,2299.936]  576.938 [510.747,661.117]
                    weighted_cvl:chrf         2086.631 [1800.266,2351.477]  582.519 [520.528,646.915]
                    weighted_cvl:comet22      2051.290 [1755.819,2311.482]  596.331 [506.728,667.935]
                    weighted_cvl:inv_comet22  2056.207 [1744.494,2341.138]  577.337 [517.823,661.117]
                    weighted_cvl:mistral_7b   2002.121 [1692.467,2266.436]  605.209 [538.674,674.942]
                    weighted_cvl:qwen3_8b     1911.977 [1654.713,2190.350]  574.418 [500.792,673.205]
best_human          dedup                                                                            
inflation_J50       chrf                               0.139 [0.017,0.268]       0.036 [-0.048,0.174]
                    comet22                           0.105 [-0.008,0.248]       0.033 [-0.040,0.171]
                    inv_comet22                       0.100 [-0.025,0.247]       0.050 [-0.040,0.179]
                    mistral_7b                         0.161 [0.053,0.297]       0.068 [-0.006,0.215]
                    qwen3_8b                           0.182 [0.044,0.298]       0.044 [-0.054,0.200]
inflation_J80       chrf                              0.053 [-0.048,0.182]       0.025 [-0.058,0.134]
                    comet22                           0.048 [-0.074,0.187]       0.079 [-0.050,0.197]
                    inv_comet22                       0.066 [-0.031,0.218]       0.081 [-0.001,0.190]
                    mistral_7b                        0.018 [-0.125,0.150]        0.144 [0.020,0.259]
                    qwen3_8b                         -0.004 [-0.111,0.133]       0.063 [-0.032,0.203]
max_wrong           ALL                                              0.000                      0.000
pred_corr_logratio  ALL                                             -0.618                     -0.126
save_vs_uniform_J50 dedup                              0.082 [0.017,0.169]        0.047 [0.002,0.162]
                    weighted                         -0.010 [-0.111,0.086]       0.000 [-0.103,0.155]
save_vs_uniform_J80 dedup                             0.045 [-0.039,0.120]        0.105 [0.036,0.163]
                    weighted                         -0.005 [-0.106,0.082]       0.042 [-0.054,0.115]
 eps                 selector  regret     lo    hi oracle                                                                                                                                                                      picks
0.01                    dedup   0.000  0.000 0.043  dedup                                                                                                                                                                           
0.01        weighted_cvl:chrf   0.126  0.039 0.258  dedup                                                                                                                                                                           
0.01     weighted_cvl:comet22   0.078  0.000 0.184  dedup                                                                                                                                                                           
0.01 weighted_cvl:inv_comet22   0.100  0.002 0.247  dedup                                                                                                                                                                           
0.01  weighted_cvl:mistral_7b   0.138  0.054 0.265  dedup                                                                                                                                                                           
0.01    weighted_cvl:qwen3_8b   0.120  0.030 0.233  dedup                                                                                                                                                                           
0.01             sel_accuracy   0.110  0.012 0.222  dedup                {'weighted_cvl:qwen3_8b': 0.43, 'weighted_cvl:comet22': 0.22, 'weighted_cvl:mistral_7b': 0.16, 'weighted_cvl:chrf': 0.16, 'weighted_cvl:inv_comet22': 0.04}
0.01                  sel_rho   0.143  0.043 0.272  dedup                 {'weighted_cvl:qwen3_8b': 0.4, 'weighted_cvl:comet22': 0.37, 'weighted_cvl:mistral_7b': 0.11, 'weighted_cvl:chrf': 0.08, 'weighted_cvl:inv_comet22': 0.05}
0.01            sel_pilotcost   0.088  0.023 0.178  dedup {'dedup': 0.37, 'weighted_cvl:qwen3_8b': 0.29, 'weighted_cvl:comet22': 0.24, 'weighted_cvl:mistral_7b': 0.05, 'weighted_cvl:chrf': 0.03, 'weighted_cvl:inv_comet22': 0.01}
0.02                    dedup   0.000  0.000 0.090  dedup                                                                                                                                                                           
0.02        weighted_cvl:chrf   0.031  0.000 0.172  dedup                                                                                                                                                                           
0.02     weighted_cvl:comet22   0.014  0.000 0.119  dedup                                                                                                                                                                           
0.02 weighted_cvl:inv_comet22   0.049  0.000 0.178  dedup                                                                                                                                                                           
0.02  weighted_cvl:mistral_7b   0.041  0.000 0.162  dedup                                                                                                                                                                           
0.02    weighted_cvl:qwen3_8b   0.032  0.000 0.190  dedup                                                                                                                                                                           
0.02             sel_accuracy   0.003 -0.029 0.149  dedup                {'weighted_cvl:qwen3_8b': 0.43, 'weighted_cvl:comet22': 0.22, 'weighted_cvl:mistral_7b': 0.16, 'weighted_cvl:chrf': 0.16, 'weighted_cvl:inv_comet22': 0.04}
0.02                  sel_rho   0.045  0.019 0.279  dedup                 {'weighted_cvl:qwen3_8b': 0.4, 'weighted_cvl:comet22': 0.37, 'weighted_cvl:mistral_7b': 0.11, 'weighted_cvl:chrf': 0.08, 'weighted_cvl:inv_comet22': 0.05}
0.02            sel_pilotcost   0.016 -0.023 0.124  dedup  {'dedup': 0.51, 'weighted_cvl:qwen3_8b': 0.22, 'weighted_cvl:comet22': 0.2, 'weighted_cvl:mistral_7b': 0.03, 'weighted_cvl:chrf': 0.02, 'weighted_cvl:inv_comet22': 0.01}
