eps                                                              0.01                          0.02
metric              design                                                                         
HES_best_J50        syn0.1                       0.011 [-0.142,0.136]         -0.068 [-0.184,0.015]
                    syn0.2                       0.047 [-0.144,0.202]         -0.026 [-0.149,0.019]
                    syn0.3                       0.027 [-0.171,0.146]        -0.091 [-0.181,-0.009]
                    syn0.4                       0.093 [-0.158,0.215]          0.019 [-0.045,0.130]
                    syn0.5                       0.205 [-0.039,0.356]           0.075 [0.040,0.173]
                    syn0.6                       0.260 [-0.147,0.332]           0.153 [0.081,0.269]
                    syn0.7                       0.357 [-0.021,0.490]           0.298 [0.247,0.405]
                    syn0.8                       0.522 [-0.100,0.606]           0.476 [0.426,0.555]
                    syn0.9                        0.656 [0.544,0.770]           0.626 [0.589,0.682]
HES_best_J80        syn0.1                                                     0.046 [-0.026,0.122]
                    syn0.2                                                     0.045 [-0.027,0.122]
                    syn0.3                                                     0.051 [-0.063,0.129]
                    syn0.4                                                      0.116 [0.040,0.174]
                    syn0.5                                                      0.143 [0.081,0.225]
                    syn0.6                                                      0.238 [0.174,0.344]
                    syn0.7                                                      0.312 [0.230,0.387]
                    syn0.8                                                      0.477 [0.416,0.541]
                    syn0.9                                                      0.722 [0.698,0.744]
HES_uniform_J50     syn0.1                        0.056 [0.000,0.126]         -0.013 [-0.040,0.052]
                    syn0.2                       0.040 [-0.084,0.169]        -0.100 [-0.158,-0.006]
                    syn0.3                       0.012 [-0.104,0.089]        -0.092 [-0.137,-0.011]
                    syn0.4                       0.206 [-0.122,0.261]           0.064 [0.009,0.184]
                    syn0.5                       0.245 [-0.005,0.312]           0.134 [0.083,0.251]
                    syn0.6                       0.270 [-0.124,0.329]           0.198 [0.121,0.303]
                    syn0.7                        0.389 [0.048,0.543]           0.320 [0.242,0.422]
                    syn0.8                       0.541 [-0.088,0.587]           0.495 [0.432,0.587]
                    syn0.9                        0.686 [0.582,0.775]           0.640 [0.605,0.700]
HES_uniform_J80     syn0.1                                                     0.001 [-0.017,0.029]
                    syn0.2                                                     0.010 [-0.063,0.056]
                    syn0.3                                                     0.047 [-0.017,0.088]
                    syn0.4                                                      0.123 [0.047,0.177]
                    syn0.5                                                      0.165 [0.107,0.245]
                    syn0.6                                                      0.256 [0.179,0.369]
                    syn0.7                                                      0.318 [0.236,0.415]
                    syn0.8                                                      0.494 [0.437,0.564]
                    syn0.9                                                      0.724 [0.689,0.763]
J50                 active_cvl:syn0.1    2702.657 [2102.282,4869.467]  1101.073 [1039.544,1287.987]
                    active_cvl:syn0.2    2861.538 [2181.401,4949.973]  1112.828 [1034.865,1291.294]
                    active_cvl:syn0.3    2519.529 [2009.675,4983.041]  1060.887 [1002.283,1244.488]
                    active_cvl:syn0.4    2218.203 [1953.391,5001.889]   1034.055 [970.174,1157.603]
                    active_cvl:syn0.5    2082.237 [1767.412,5075.928]    940.955 [874.125,1025.033]
                    active_cvl:syn0.6    2029.558 [1513.439,4985.535]     866.623 [772.764,974.458]
                    active_cvl:syn0.7    1666.796 [1376.118,5027.683]     713.606 [635.760,770.987]
                    active_cvl:syn0.8     1204.356 [989.977,4809.222]     539.757 [482.824,601.977]
                    active_cvl:syn0.9      867.989 [717.458,1826.016]     375.901 [354.232,417.211]
                    dedup                2738.040 [2112.848,4842.548]   1066.247 [984.584,1241.127]
                    sel_accuracy          1072.325 [851.484,3385.692]     429.731 [400.728,473.084]
                    sel_pilotcost          948.895 [778.589,2148.683]     400.864 [374.893,426.464]
                    sel_rho                941.711 [769.087,2148.683]     398.609 [371.026,425.430]
                    uniform              2989.820 [2267.807,5236.101]  1165.923 [1066.655,1393.308]
                    uniform_cvl:syn0.1   2823.326 [2202.139,5236.101]  1181.361 [1074.527,1387.631]
                    uniform_cvl:syn0.2   2871.599 [2202.048,5332.562]  1282.333 [1108.413,1442.503]
                    uniform_cvl:syn0.3   2954.354 [2195.985,5292.916]  1273.602 [1149.994,1440.071]
                    uniform_cvl:syn0.4   2375.070 [2122.587,5325.743]  1091.040 [1021.412,1259.583]
                    uniform_cvl:syn0.5   2257.236 [1882.124,5222.183]   1009.271 [944.153,1096.971]
                    uniform_cvl:syn0.6   2182.814 [1615.763,5338.079]    935.362 [837.770,1043.318]
                    uniform_cvl:syn0.7   1827.140 [1487.913,4726.311]     792.731 [721.770,885.753]
                    uniform_cvl:syn0.8   1371.026 [1092.614,5232.992]     588.407 [535.818,674.348]
                    uniform_cvl:syn0.9     938.778 [732.869,1996.558]     419.699 [394.963,452.413]
                    weighted             2766.815 [2147.249,4841.890]  1094.551 [1037.387,1302.995]
                    weighted_cvl:syn0.1  2707.271 [2137.368,4924.865]  1138.556 [1034.603,1324.739]
                    weighted_cvl:syn0.2  2610.512 [2094.276,4995.017]  1094.460 [1040.249,1289.551]
                    weighted_cvl:syn0.3  2664.740 [2107.246,4988.771]  1162.920 [1064.680,1319.522]
                    weighted_cvl:syn0.4  2483.980 [2042.306,5016.260]   1045.875 [997.847,1161.918]
                    weighted_cvl:syn0.5  2177.353 [1901.168,5031.877]    985.991 [936.628,1063.605]
                    weighted_cvl:syn0.6  2027.376 [1529.855,5037.488]     902.714 [838.089,982.316]
                    weighted_cvl:syn0.7  1761.207 [1428.227,4866.435]     748.335 [684.419,820.115]
                    weighted_cvl:syn0.8  1308.689 [1045.033,4885.372]     558.557 [524.260,628.739]
                    weighted_cvl:syn0.9    941.711 [769.087,2148.683]     398.609 [371.026,425.430]
J80                 active_cvl:syn0.1                                  3158.147 [2899.442,3551.800]
                    active_cvl:syn0.2                                  3038.575 [2699.548,3444.278]
                    active_cvl:syn0.3                                  3078.676 [2715.216,3564.891]
                    active_cvl:syn0.4                                  3064.861 [2885.126,3395.671]
                    active_cvl:syn0.5                                  2721.170 [2355.948,3099.332]
                    active_cvl:syn0.6                                  2617.036 [2329.506,2893.283]
                    active_cvl:syn0.7                                  2212.597 [1925.489,2495.445]
                    active_cvl:syn0.8                                  1626.333 [1381.627,1895.965]
                    active_cvl:syn0.9                                    929.698 [793.588,1024.616]
                    dedup                                              3333.334 [3010.506,3724.758]
                    sel_accuracy                                        1029.139 [966.169,1145.624]
                    sel_pilotcost                                        932.133 [839.270,1006.943]
                    sel_rho                                              928.323 [821.031,1006.943]
                    uniform                                            3657.678 [3294.288,4046.923]
                    uniform_cvl:syn0.1                                 3653.370 [3248.968,4039.362]
                    uniform_cvl:syn0.2                                 3619.622 [3223.284,3980.346]
                    uniform_cvl:syn0.3                                 3486.881 [3156.893,3933.839]
                    uniform_cvl:syn0.4                                 3208.825 [2946.896,3602.567]
                    uniform_cvl:syn0.5                                 3054.531 [2758.471,3398.130]
                    uniform_cvl:syn0.6                                 2720.867 [2301.849,3265.483]
                    uniform_cvl:syn0.7                                 2494.605 [2187.459,2753.362]
                    uniform_cvl:syn0.8                                 1849.970 [1554.256,2085.539]
                    uniform_cvl:syn0.9                                  1010.167 [847.952,1161.546]
                    weighted                                           3212.496 [2966.087,3615.055]
                    weighted_cvl:syn0.1                                3179.904 [2915.876,3563.262]
                    weighted_cvl:syn0.2                                3181.821 [2939.606,3521.415]
                    weighted_cvl:syn0.3                                3162.190 [2792.486,3553.417]
                    weighted_cvl:syn0.4                                2946.901 [2737.936,3200.324]
                    weighted_cvl:syn0.5                                2856.132 [2471.289,3229.695]
                    weighted_cvl:syn0.6                                2540.216 [2181.085,2827.492]
                    weighted_cvl:syn0.7                                2294.183 [2029.690,2602.041]
                    weighted_cvl:syn0.8                                1743.810 [1467.460,1926.420]
                    weighted_cvl:syn0.9                                  928.323 [821.031,1006.943]
best_human          dedup                                                                          
inflation_J50       syn0.1                       0.044 [-0.138,0.207]          0.055 [-0.017,0.146]
                    syn0.2                      -0.007 [-0.174,0.117]         -0.073 [-0.109,0.068]
                    syn0.3                      -0.015 [-0.218,0.080]         -0.002 [-0.075,0.092]
                    syn0.4                       0.113 [-0.019,0.196]          0.045 [-0.003,0.139]
                    syn0.5                       0.040 [-0.312,0.162]           0.059 [0.022,0.144]
                    syn0.6                       0.010 [-0.066,0.077]          0.044 [-0.012,0.114]
                    syn0.7                       0.032 [-0.044,0.550]          0.022 [-0.040,0.096]
                    syn0.8                       0.019 [-0.047,0.091]          0.019 [-0.017,0.057]
                    syn0.9                        0.030 [0.003,0.162]          0.014 [-0.004,0.044]
inflation_J80       syn0.1                                                    -0.045 [-0.114,0.038]
                    syn0.2                                                    -0.035 [-0.115,0.050]
                    syn0.3                                                    -0.005 [-0.094,0.073]
                    syn0.4                                                     0.007 [-0.066,0.054]
                    syn0.5                                                     0.022 [-0.056,0.088]
                    syn0.6                                                     0.018 [-0.060,0.089]
                    syn0.7                                                     0.006 [-0.052,0.060]
                    syn0.8                                                     0.017 [-0.027,0.061]
                    syn0.9                                                     0.002 [-0.029,0.026]
max_wrong           ALL                                         0.010                         0.000
pred_corr_logratio  ALL                                         0.991                         0.989
save_vs_uniform_J50 dedup                         0.084 [0.037,0.137]           0.085 [0.064,0.153]
                    weighted                     0.075 [-0.028,0.180]          0.061 [-0.018,0.120]
save_vs_uniform_J80 dedup                                                       0.089 [0.054,0.121]
                    weighted                                                    0.122 [0.048,0.180]
 eps            selector  regret    lo    hi              oracle                                                                                                                                           picks
0.01               dedup   0.656 0.544 0.770 weighted_cvl:syn0.9                                                                                                                                                
0.01 weighted_cvl:syn0.1   0.645 0.517 0.792 weighted_cvl:syn0.9                                                                                                                                                
0.01 weighted_cvl:syn0.2   0.609 0.440 0.857 weighted_cvl:syn0.9                                                                                                                                                
0.01 weighted_cvl:syn0.3   0.629 0.474 0.872 weighted_cvl:syn0.9                                                                                                                                                
0.01 weighted_cvl:syn0.4   0.563 0.439 0.871 weighted_cvl:syn0.9                                                                                                                                                
0.01 weighted_cvl:syn0.5   0.451 0.238 0.593 weighted_cvl:syn0.9                                                                                                                                                
0.01 weighted_cvl:syn0.6   0.397 0.323 0.872 weighted_cvl:syn0.9                                                                                                                                                
0.01 weighted_cvl:syn0.7   0.299 0.147 0.752 weighted_cvl:syn0.9                                                                                                                                                
0.01 weighted_cvl:syn0.8   0.134 0.052 0.792 weighted_cvl:syn0.9                                                                                                                                                
0.01 weighted_cvl:syn0.9   0.000 0.000 0.000 weighted_cvl:syn0.9                                                                                                                                                
0.01        sel_accuracy   0.048 0.018 0.438 weighted_cvl:syn0.9 {'weighted_cvl:syn0.9': 0.74, 'weighted_cvl:syn0.8': 0.2, 'weighted_cvl:syn0.7': 0.03, 'weighted_cvl:syn0.6': 0.02, 'weighted_cvl:syn0.5': 0.0}
0.01             sel_rho   0.000 0.000 0.000 weighted_cvl:syn0.9                                                                                                                    {'weighted_cvl:syn0.9': 1.0}
0.01       sel_pilotcost   0.003 0.000 0.010 weighted_cvl:syn0.9                                                                                      {'weighted_cvl:syn0.9': 0.99, 'weighted_cvl:syn0.8': 0.01}
0.02               dedup   0.626 0.589 0.682 weighted_cvl:syn0.9                                                                                                                                                
0.02 weighted_cvl:syn0.1   0.694 0.624 0.802 weighted_cvl:syn0.9                                                                                                                                                
0.02 weighted_cvl:syn0.2   0.653 0.621 0.767 weighted_cvl:syn0.9                                                                                                                                                
0.02 weighted_cvl:syn0.3   0.717 0.658 0.796 weighted_cvl:syn0.9                                                                                                                                                
0.02 weighted_cvl:syn0.4   0.607 0.534 0.671 weighted_cvl:syn0.9                                                                                                                                                
0.02 weighted_cvl:syn0.5   0.551 0.489 0.592 weighted_cvl:syn0.9                                                                                                                                                
0.02 weighted_cvl:syn0.6   0.473 0.407 0.532 weighted_cvl:syn0.9                                                                                                                                                
0.02 weighted_cvl:syn0.7   0.328 0.262 0.389 weighted_cvl:syn0.9                                                                                                                                                
0.02 weighted_cvl:syn0.8   0.150 0.120 0.190 weighted_cvl:syn0.9                                                                                                                                                
0.02 weighted_cvl:syn0.9   0.000 0.000 0.000 weighted_cvl:syn0.9                                                                                                                                                
0.02        sel_accuracy   0.029 0.014 0.052 weighted_cvl:syn0.9 {'weighted_cvl:syn0.9': 0.74, 'weighted_cvl:syn0.8': 0.2, 'weighted_cvl:syn0.7': 0.03, 'weighted_cvl:syn0.6': 0.02, 'weighted_cvl:syn0.5': 0.0}
0.02             sel_rho   0.000 0.000 0.000 weighted_cvl:syn0.9                                                                                                                    {'weighted_cvl:syn0.9': 1.0}
0.02       sel_pilotcost   0.002 0.000 0.005 weighted_cvl:syn0.9                                                                                      {'weighted_cvl:syn0.9': 0.99, 'weighted_cvl:syn0.8': 0.01}
